TCV LIUQE #52062 t= 0.55  02-Nov-201               3  28  65
 5.329999328e-01 1.519999981e+00 8.800000000e-01 6.140000224e-01 0.000000000e+00
 8.884722590e-01 3.962149471e-02-4.016109018e-02 0.000000000e+00 1.424446366e+00
 3.368347812e+05-4.016109018e-02 0.000000000e+00 8.884722590e-01 0.000000000e+00
 3.962149471e-02 0.000000000e+00 0.000000000e+00 7.269014716e-01-3.646195829e-01
 1.294359461e+00 1.291942510e+00 1.289554782e+00 1.287200977e+00 1.284885822e+00
 1.282614080e+00 1.280390539e+00 1.278220017e+00 1.276107361e+00 1.274057438e+00
 1.272075141e+00 1.270165382e+00 1.268333092e+00 1.266583215e+00 1.264920707e+00
 1.263350535e+00 1.261877668e+00 1.260507079e+00 1.259243736e+00 1.258092604e+00
 1.257058633e+00 1.256146759e+00 1.255361900e+00 1.254708945e+00 1.254192754e+00
 1.253818152e+00 1.253589924e+00 1.253512802e+00
 2.160690039e+04 2.003602854e+04 1.852443420e+04 1.707211839e+04 1.567908079e+04
 1.434532137e+04 1.307084016e+04 1.185563714e+04 1.069971232e+04 9.603065690e+03
 8.565697259e+03 7.587607024e+03 6.668794985e+03 5.809261143e+03 5.009005496e+03
 4.268028045e+03 3.586328791e+03 2.963907732e+03 2.400764870e+03 1.896900203e+03
 1.452313733e+03 1.067005458e+03 7.409753802e+02 4.742234979e+02 2.667498117e+02
 1.185543207e+02 2.963737256e+01-2.070488645e-03
-2.114562661e+00-2.087261459e+00-2.056035998e+00-2.020886209e+00-1.981812117e+00
-1.938813720e+00-1.891891019e+00-1.841044013e+00-1.786272703e+00-1.727577089e+00
-1.664957171e+00-1.598412948e+00-1.527944421e+00-1.453551590e+00-1.375234454e+00
-1.292993014e+00-1.206827270e+00-1.116737222e+00-1.022722869e+00-9.247842118e-01
-8.229212504e-01-7.171339847e-01-6.074224146e-01-4.937865403e-01-3.762263617e-01
-2.547418788e-01-1.293330687e-01-0.000000000e+00
-1.076011750e+06-1.036159463e+06-9.963071759e+05-9.564548889e+05-9.166026019e+05
-8.767503148e+05-8.368980278e+05-7.970457407e+05-7.571934537e+05-7.173411667e+05
-6.774888796e+05-6.376365926e+05-5.977843056e+05-5.579320185e+05-5.180797315e+05
-4.782274444e+05-4.383751574e+05-3.985228704e+05-3.586705833e+05-3.188182963e+05
-2.789660093e+05-2.391137222e+05-1.992614352e+05-1.594091481e+05-1.195568611e+05
-7.970457407e+04-3.985228704e+04-0.000000000e+00
-8.954257199e-04-9.345040427e-04-8.433013138e-04-6.495715253e-04-3.673886063e-04
-1.034868225e-05 4.097891122e-04 8.831834795e-04 1.402415470e-03 1.960167028e-03
 2.550148013e-03 3.166787127e-03 3.805072200e-03 4.460573691e-03 5.128159607e-03
 5.802572701e-03 6.478190897e-03 7.149360586e-03 7.808105122e-03 8.443862202e-03
 9.039081149e-03 9.568967315e-03 1.010038073e-02 1.057385670e-02 1.091561473e-02
 1.107629380e-02 1.098969663e-02 1.056145155e-02-1.017458659e-03-1.041069629e-03
-9.261293678e-04-6.974340424e-04-3.739824254e-04 2.893079976e-05 4.990022896e-04
 1.026405872e-03 1.603394773e-03 2.223552544e-03 2.881512647e-03 3.572784219e-03
 4.293368464e-03 5.039639906e-03 5.807839048e-03 6.594025523e-03 7.393754965e-03
 8.201926070e-03 9.011872973e-03 9.814857988e-03 1.059941102e-02 1.135309056e-02
 1.206991177e-02 1.270671739e-02 1.336485112e-02 1.388620627e-02 1.421916346e-02
 1.429461589e-02-1.384541137e-03-1.346185673e-03-1.166082540e-03-8.707344334e-04
-4.806374798e-04-1.150341989e-05 5.246695065e-04 1.118785539e-03 1.764029298e-03
 2.455243384e-03 3.188454339e-03 3.960594167e-03 4.769110422e-03 5.611799756e-03
 6.486467280e-03 7.390738548e-03 8.321814364e-03 9.276262170e-03 1.024951132e-02
 1.123550483e-02 1.222621423e-02 1.321098219e-02 1.417374041e-02 1.507866886e-02
 1.602755445e-02 1.697985150e-02 1.782656817e-02 1.855604880e-02-2.007364621e-03
-1.851610598e-03-1.562482875e-03-1.166649043e-03-6.839489581e-04-1.287977867e-04
 4.884895174e-04 1.160679994e-03 1.882865996e-03 2.651841936e-03 3.465571193e-03
 4.322886085e-03 5.223111416e-03 6.165854882e-03 7.150782962e-03 8.177437544e-03
 9.245037508e-03 1.035239357e-02 1.149758708e-02 1.267789208e-02 1.388959333e-02
 1.512784469e-02 1.638671116e-02 1.766082278e-02 1.896028733e-02 2.024951613e-02
 2.162366580e-02 2.312516871e-02-2.870692603e-03-2.540118649e-03-2.098365493e-03
-1.569695382e-03-9.707441130e-04-3.125214925e-04 3.979798611e-04 1.156656631e-03
 1.961559199e-03 2.812171295e-03 3.709011446e-03 4.653281875e-03 5.646513250e-03
 6.690487456e-03 7.786980469e-03 8.937709908e-03 1.014415818e-02 1.140763364e-02
 1.272912339e-02 1.410941628e-02 1.554923127e-02 1.704953463e-02 1.861214113e-02
 2.024072619e-02 2.194181593e-02 2.371476501e-02 2.555803248e-02 2.775783315e-02
-3.933266892e-03-3.372179132e-03-2.738826228e-03-2.050519702e-03-1.317316221e-03
-5.443765541e-04 2.664320821e-04 1.115499315e-03 2.004772559e-03 2.937192364e-03
 3.916324231e-03 4.946135165e-03 6.030740859e-03 7.174277047e-03 8.380815672e-03
 9.654368074e-03 1.099877210e-02 1.241783848e-02 1.391539249e-02 1.549553268e-02
 1.716297106e-02 1.892362900e-02 2.078555561e-02 2.276030254e-02 2.486493001e-02
 2.712488327e-02 2.958625796e-02 3.234583300e-02-5.117655768e-03-4.281954722e-03
-3.429934298e-03-2.566137074e-03-1.690329707e-03-7.993129476e-04 1.118473988e-04
 1.049144358e-03 2.019219253e-03 3.029043094e-03 4.085653619e-03 5.196042582e-03
 6.367067205e-03 7.605397632e-03 8.917465489e-03 1.030955032e-02 1.178778793e-02
 1.335830878e-02 1.502749646e-02 1.680220784e-02 1.869033213e-02 2.070144021e-02
 2.284789805e-02 2.514641585e-02 2.762053573e-02 3.030433613e-02 3.324900610e-02
 3.652955932e-02-6.306216783e-03-5.177342999e-03-4.100553245e-03-3.062226573e-03
-2.048859104e-03-1.047230895e-03-4.452539379e-05 9.715613464e-04 2.012804391e-03
 3.090480808e-03 4.215278991e-03 5.397386613e-03 6.646449236e-03 7.971630856e-03
 9.381696367e-03 1.088509212e-02 1.249002719e-02 1.420471699e-02 1.603759350e-02
 1.799764583e-02 2.009491469e-02 2.234111919e-02 2.475071052e-02 2.734222079e-02
 3.014034350e-02 3.317878070e-02 3.650446203e-02 4.018248301e-02-7.345669238e-03
-5.947584380e-03-4.669233454e-03-3.478616918e-03-2.348849415e-03-1.256510198e-03
-1.808933632e-04 8.965860831e-04 1.992844181e-03 3.123405139e-03 4.302555129e-03
 5.543597060e-03 6.858850373e-03 8.259878417e-03 9.757600267e-03 1.136242864e-02
 1.308439695e-02 1.493342072e-02 1.691951901e-02 1.905310178e-02 2.134538885e-02
 2.380895023e-02 2.645833141e-02 2.931104545e-02 3.238891227e-02 3.571953025e-02
 3.933867124e-02 4.329292164e-02-8.085362546e-03-6.484078030e-03-5.056856881e-03
-3.757723201e-03-2.548800590e-03-1.398071151e-03-2.779744342e-04 8.356998977e-04
 1.964450144e-03 3.127644434e-03 4.342907525e-03 5.626313471e-03 6.992677680e-03
 8.455716891e-03 1.002824996e-02 1.172238795e-02 1.354968570e-02 1.552140605e-02
 1.764866181e-02 1.994274550e-02 2.241533744e-02 2.507881972e-02 2.794657050e-02
 3.103337638e-02 3.435577622e-02 3.793230748e-02 4.178368338e-02 4.593253760e-02
-8.409976887e-03-6.700308861e-03-5.199453719e-03-3.853001157e-03-2.615833460e-03
-1.449778139e-03-3.221564032e-04 7.955486680e-04 1.928560688e-03 3.099444159e-03
 4.328587300e-03 5.634493720e-03 7.034066236e-03 8.542859372e-03 1.017528755e-02
 1.194485539e-02 1.386430959e-02 1.594589504e-02 1.820149572e-02 2.064286110e-02
 2.328171335e-02 2.612979127e-02 2.919886460e-02 3.250041733e-02 3.604537734e-02
 3.984301498e-02 4.389952807e-02 4.821545186e-02-8.250199598e-03-6.541790270e-03
-5.056186278e-03-3.735244637e-03-2.530263594e-03-1.399821990e-03-3.081790933e-04
 7.759835010e-04 1.880474509e-03 3.030235633e-03 4.247793265e-03 5.553587931e-03
 6.966183511e-03 8.502573708e-03 1.017843109e-02 1.200828976e-02 1.400573619e-02
 1.618373282e-02 1.855464545e-02 2.113050151e-02 2.392294049e-02 2.694311357e-02
 3.020141928e-02 3.370676951e-02 3.746565971e-02 4.148028928e-02 4.574601419e-02
 5.024760110e-02-7.580295130e-03-5.988689006e-03-4.613160344e-03-3.395997420e-03
-2.288603915e-03-1.249134126e-03-2.409524569e-04 7.684957679e-04 1.808509406e-03
 2.905587285e-03 4.083731477e-03 5.364797872e-03 6.768587126e-03 8.313120787e-03
 1.001491328e-02 1.188915521e-02 1.394999070e-02 1.621073329e-02 1.868405504e-02
 2.138219147e-02 2.431681438e-02 2.749895569e-02 3.093850125e-02 3.464329924e-02
 3.861784114e-02 4.286087926e-02 4.736224941e-02 5.209810270e-02-6.415762544e-03
-5.055846536e-03-3.884091431e-03-2.848454441e-03-1.904250647e-03-1.011997161e-03
-1.361301832e-04 7.557852687e-04 1.693591656e-03 2.704682114e-03 3.814072754e-03
 5.044571819e-03 6.416792761e-03 7.949368297e-03 9.659207600e-03 1.156177709e-02
 1.367131675e-02 1.600124573e-02 1.856431702e-02 2.137291383e-02 2.443904851e-02
 2.777420290e-02 3.138897396e-02 3.529213590e-02 3.948928301e-02 4.398034754e-02
 4.875607662e-02 5.379294248e-02-4.818654654e-03-3.793500601e-03-2.909681500e-03
-2.126522233e-03-1.406811836e-03-7.156874086e-04-2.011697508e-05 7.113949631e-04
 1.508660671e-03 2.399707116e-03 3.410310261e-03 4.563927026e-03 5.881617184e-03
 7.382192245e-03 9.082502484e-03 1.099775233e-02 1.314184138e-02 1.552785733e-02
 1.816835544e-02 2.107574809e-02 2.426251383e-02 2.774124251e-02 3.152441146e-02
 3.562378420e-02 4.004938991e-02 4.480728086e-02 4.989631067e-02 5.530288050e-02
-2.898133707e-03-2.283491427e-03-1.753098607e-03-1.280836730e-03-8.388315755e-04
-3.979799117e-04 7.173388329e-05 6.007690617e-04 1.219235347e-03 1.955972570e-03
 2.837651063e-03 3.888271446e-03 5.129011583e-03 6.578416644e-03 8.252693932e-03
 1.016617101e-02 1.233179174e-02 1.476170700e-02 1.746779993e-02 2.046220028e-02
 2.375778878e-02 2.736849684e-02 3.130951934e-02 3.559729538e-02 4.024910638e-02
 4.528187026e-02 5.070997002e-02 5.654114108e-02-7.908195496e-04-6.257148664e-04
-4.904343885e-04-3.718883128e-04-2.509879071e-04-1.037939628e-04 9.718522063e-05
 3.824525991e-04 7.836521279e-04 1.331598824e-03 2.054423955e-03 2.976760146e-03
 4.119502644e-03 5.500362259e-03 7.134183184e-03 9.033608557e-03 1.120977220e-02
 1.367306522e-02 1.643392069e-02 1.950356331e-02 2.289473755e-02 2.662249341e-02
 3.070482045e-02 3.516345482e-02 4.002458296e-02 4.531911433e-02 5.108292112e-02
 5.735556017e-02 1.372299499e-03 1.081645322e-03 8.022257789e-04 5.386767993e-04
 3.043414734e-04 1.194103406e-04 1.004347453e-05 9.201497348e-06 1.531171435e-04
 4.768308932e-04 1.011275754e-03 1.781568210e-03 2.807485559e-03 4.105442726e-03
 5.687742932e-03 7.564280032e-03 9.743222609e-03 1.223211634e-02 1.503885985e-02
 1.817268956e-02 2.164522119e-02 2.547160940e-02 2.967170289e-02 3.427168361e-02
 3.930600000e-02 4.481969074e-02 5.087166383e-02 5.753873263e-02 3.493210901e-03
 2.759873777e-03 2.060061867e-03 1.396365178e-03 7.795399516e-04 2.272946164e-04
-2.363542987e-04-5.709371134e-04-7.290684778e-04-6.675410797e-04-3.503398241e-04
 2.472037417e-04 1.140664530e-03 2.346212287e-03 3.870867739e-03 5.720828138e-03
 7.899733381e-03 1.041074752e-02 1.325786629e-02 1.644691967e-02 1.998688746e-02
 2.389123720e-02 2.817963951e-02 3.288009237e-02 3.803202577e-02 4.369026308e-02
 4.993127508e-02 5.686261572e-02 5.518295432e-03 4.357138630e-03 3.235823845e-03
 2.158992688e-03 1.137191117e-03 1.866217074e-04-6.709542560e-04-1.381374116e-03
-1.886532197e-03-2.134055675e-03-2.079748095e-03-1.689919147e-03-9.426839213e-04
 1.698434097e-04 1.637226223e-03 3.464484638e-03 5.647539890e-03 8.183491321e-03
 1.107086504e-02 1.431042625e-02 1.790655691e-02 2.186877607e-02 2.621357504e-02
 3.096681704e-02 3.616713584e-02 4.187068495e-02 4.815860220e-02 5.514876803e-02
 7.427558582e-03 5.845243257e-03 4.299162662e-03 2.797425421e-03 1.351060608e-03
-2.493769302e-05-1.309036363e-03-2.429170675e-03-3.317080565e-03-3.911257702e-03
-4.159264500e-03-4.019677868e-03-3.463885568e-03-2.477898577e-03-1.064472845e-03
 7.560280114e-04 2.956994569e-03 5.529140611e-03 8.464361902e-03 1.175652438e-02
 1.540332645e-02 1.940787861e-02 2.378024737e-02 2.853955823e-02 3.371701009e-02
 3.935986759e-02 4.553775998e-02 5.235224265e-02 9.218699850e-03 7.210383514e-03
 5.231669339e-03 3.293135013e-03 1.404951280e-03-4.212341473e-04-2.153402638e-03
-3.706690854e-03-5.002498294e-03-5.970508775e-03-6.550632384e-03-6.694524856e-03
-6.367189951e-03-5.548490696e-03-4.234716207e-03-2.439986866e-03-1.974313194e-04
 2.432106453e-03 5.433005268e-03 8.789503052e-03 1.249065604e-02 1.653095767e-02
 2.091122972e-02 2.563998983e-02 3.073531095e-02 3.622702410e-02 4.216010513e-02
 4.859916884e-02 1.089229477e-02 8.442740271e-03 6.020365197e-03 3.634729242e-03
 1.292537522e-03-9.998614777e-04-3.193615686e-03-5.193066553e-03-6.910525886e-03
-8.268001453e-03-9.198830623e-03-9.648792382e-03-9.577437720e-03-8.959218516e-03
-7.784963864e-03-6.063518521e-03-3.823868400e-03-1.117820723e-03 1.980598667e-03
 5.425520046e-03 9.196716226e-03 1.327883804e-02 1.766182905e-02 2.234127323e-02
 2.731888247e-02 3.260261104e-02 3.820688851e-02 4.415204560e-02 1.243568319e-02
 9.525891703e-03 6.650744043e-03 3.813044199e-03 1.012515524e-03-1.752065214e-03
-4.409975243e-03-6.856788342e-03-8.997396639e-03-1.074768244e-02-1.203576751e-02
-1.280283358e-02-1.300408111e-02-1.260952013e-02-1.160529496e-02-9.995206234e-03
-7.802882364e-03-5.073782705e-03-1.876963030e-03 1.693522862e-03 5.563923489e-03
 9.708801375e-03 1.410681400e-02 1.874021385e-02 2.359407549e-02 2.865460565e-02
 3.390666966e-02 3.932964117e-02 1.380726772e-02 1.042842551e-02 7.102002619e-03
 3.817887410e-03 5.657124346e-04-2.664441028e-03-5.776187573e-03-8.658620584e-03
-1.121115696e-02-1.334510371e-02-1.498483269e-02-1.606819772e-02-1.654722566e-02
-1.638851333e-02-1.557433672e-02-1.410403704e-02-1.199602315e-02-9.290124195e-03
-6.049949798e-03-2.365105363e-03 1.647325814e-03 5.890998387e-03 1.033411633e-02
 1.494699010e-02 1.970034351e-02 2.456235544e-02 2.949439569e-02 3.444487640e-02
 1.493308655e-02 1.110391020e-02 7.347431930e-03 3.637784682e-03-4.661270294e-05
-3.720076254e-03-7.260848785e-03-1.055380170e-02-1.349444702e-02-1.599093981e-02
-1.796510920e-02-1.935269586e-02-2.010355863e-02-2.018186297e-02-1.956684894e-02
-1.825403159e-02-1.625719544e-02-1.361075996e-02-1.037266426e-02-6.627171562e-03
-2.487089872e-03 1.905169925e-03 6.439125260e-03 1.107576699e-02 1.577562433e-02
 2.049500945e-02 2.518083195e-02 2.976365351e-02 1.572781850e-02 1.150306066e-02
 7.361811236e-03 3.264190279e-03-8.236557221e-04-4.897693295e-03-8.827691440e-03
-1.249339632e-02-1.578693911e-02-1.861416319e-02-2.089530543e-02-2.256488855e-02
-2.357150806e-02-2.387768912e-02-2.346038875e-02-2.231193977e-02-2.044200152e-02
-1.787992832e-02-1.467793071e-02-1.091428937e-02-6.696237501e-03-2.161768068e-03
 2.520416844e-03 7.237955932e-03 1.194635936e-02 1.659752771e-02 2.113389175e-02
 2.548207450e-02 1.613067159e-02 1.159263965e-02 7.132914269e-03 2.702692223e-03
-1.740538583e-03-6.164507963e-03-1.043396969e-02-1.442490566e-02-1.802691154e-02
-2.114435990e-02-2.369662000e-02-2.561763680e-02-2.685535903e-02-2.737130253e-02
-2.714075308e-02-2.615340674e-02-2.441528386e-02-2.195103760e-02-1.880725916e-02
-1.505594059e-02-1.079786460e-02-6.165061911e-03-1.321415022e-03 3.539569590e-03
 8.322896583e-03 1.298471096e-02 1.747200575e-02 2.171926162e-02 1.612112000e-02
 1.136590371e-02 6.666902479e-03 1.971700957e-03-2.766781189e-03-7.481145040e-03
-1.203236421e-02-1.629371965e-02-2.015305459e-02-2.351385972e-02-2.629511349e-02
-2.843063356e-02-2.986810599e-02-3.056849758e-02-3.050573343e-02-2.966742068e-02
-2.805633915e-02-2.569284519e-02-2.261817986e-02-1.889810105e-02-1.462663510e-02
-9.929050443e-03-4.963101894e-03 8.265636386e-05 4.999378742e-03 9.742531163e-03
 1.426833868e-02 1.852677784e-02 1.571760404e-02 1.084453394e-02 5.990047198e-03
 1.103134642e-03-3.863141237e-03-8.802133370e-03-1.357207962e-02-1.804433827e-02
-2.210563494e-02-2.565890472e-02-2.862299627e-02-3.093180848e-02-3.253301603e-02
-3.338710329e-02-3.346702590e-02-3.275855576e-02-3.126169715e-02-2.899293165e-02
-2.598853914e-02-2.230835166e-02-1.803980634e-02-1.330133950e-02-8.244531396e-03
-3.054112972e-03 2.053970297e-03 6.934489460e-03 1.156312943e-02 1.590987387e-02
 1.497370039e-02 1.007690136e-02 5.147147823e-03 1.403408379e-04-4.982620868e-03
-1.007721118e-02-1.500031832e-02-1.962196110e-02-2.382802368e-02-2.752105172e-02
-3.061987097e-02-3.305844951e-02-3.478442445e-02-3.575795925e-02-3.595112295e-02
-3.534811777e-02-3.394646903e-02-3.175927915e-02-2.881842649e-02-2.517834497e-02
-2.092028210e-02-1.615593996e-02-1.102988586e-02-5.719566083e-03-4.308504613e-04
 4.613723431e-03 9.379773241e-03 1.385532332e-02 1.397813155e-02 9.135378728e-03
 4.198562286e-03-8.693022246e-04-6.072104102e-03-1.125227174e-02-1.626324395e-02
-2.097324273e-02-2.526727499e-02-2.904752566e-02-3.223275856e-02-3.475689935e-02
-3.656752848e-02-3.762436066e-02-3.789866123e-02-3.737322864e-02-3.604354108e-02
-3.391975568e-02-3.102996589e-02-2.742401630e-02-2.317773315e-02-1.839687401e-02
-1.321987912e-02-7.818498804e-03-2.395143814e-03 2.822656395e-03 7.734066174e-03
 1.234681201e-02 1.284386954e-02 8.109470585e-03 3.220949377e-03-1.851020591e-03
-7.068522547e-03-1.227025927e-02-1.730768895e-02-2.204788519e-02-2.637536172e-02
-3.019204725e-02-3.341657268e-02-3.598274280e-02-3.783791054e-02-3.894139903e-02
-3.926359150e-02-3.878606756e-02-3.750255724e-02-3.542086759e-02-3.256606835e-02
-2.898432321e-02-2.474709480e-02-1.995535004e-02-1.474241353e-02-9.275080053e-03
-3.751305846e-03 1.605753409e-03 6.641460982e-03 1.137506938e-02 1.168607184e-02
 7.089940803e-03 2.291250846e-03-2.734078243e-03-7.910341048e-03-1.307662120e-02
-1.808435144e-02-2.280077365e-02-2.711045846e-02-3.091538798e-02-3.413421211e-02
-3.670053165e-02-3.856130348e-02-3.967528152e-02-4.001213517e-02-3.955237450e-02
-3.828838474e-02-3.622618719e-02-3.338869351e-02-2.981939921e-02-2.558671478e-02
-2.078813033e-02-1.555331936e-02-1.004532092e-02-4.458433170e-03 9.878023997e-04
 6.110785354e-03 1.093486013e-02 1.059464437e-02 6.151763174e-03 1.474890797e-03
-3.458855911e-03-8.544460210e-03-1.362396240e-02-1.855084036e-02-2.319373970e-02
-2.743805377e-02-3.118620014e-02-3.435689521e-02-3.688350483e-02-3.871259450e-02
-3.980231591e-02-4.012163165e-02-3.965026201e-02-3.837959623e-02-3.631458122e-02
-3.347687172e-02-2.990849524e-02-2.567615943e-02-2.087543580e-02-1.563396418e-02
-1.011268962e-02-4.503971016e-03 9.741157930e-04 6.138896353e-03 1.101656982e-02
 9.623550370e-03 5.346713144e-03 8.202829381e-04-3.980009172e-03-8.929476749e-03
-1.387515915e-02-1.867418465e-02-2.319764355e-02-2.733244907e-02-3.098183262e-02
-3.406465316e-02-3.651413391e-02-3.827639195e-02-3.930901021e-02-3.958040558e-02
-3.906972671e-02-3.776794804e-02-3.567961081e-02-3.282606378e-02-2.924907367e-02
-2.501509909e-02-2.021939851e-02-1.498918369e-02-9.484918718e-03-3.898633652e-03
 1.551215298e-03 6.709931577e-03 1.160279690e-02 8.798092957e-03 4.704457860e-03
 3.582502015e-04-4.267259003e-03-9.037175221e-03-1.380493026e-02-1.843228697e-02
-2.279364288e-02-2.677790173e-02-3.028935079e-02-3.324723594e-02-3.558462820e-02
-3.724728861e-02-3.819239282e-02-3.838792574e-02-3.781291728e-02-3.645835886e-02
-3.432926821e-02-3.144768415e-02-2.785636490e-02-2.362288360e-02-1.884363360e-02
-1.364679787e-02-8.193486973e-03-2.676001063e-03 2.686556950e-03 7.793245887e-03
 1.266491503e-02 8.123062753e-03 4.237529707e-03 1.044612434e-04-4.304303366e-03
-8.852468137e-03-1.340028888e-02-1.781482023e-02-2.197409405e-02-2.576945748e-02
-2.910647552e-02-3.190490916e-02-3.409788103e-02-3.563088382e-02-3.646081885e-02
-3.655566351e-02-3.589469175e-02-3.446964255e-02-3.228678081e-02-2.936988840e-02
-2.576387716e-02-2.153877704e-02-1.679342666e-02-1.165810430e-02-6.295108658e-03
-8.958709765e-04 4.327345985e-03 9.343264950e-03 1.416360676e-02 7.594861457e-03
 3.948111731e-03 6.307346304e-05-4.087215793e-03-8.372889631e-03-1.266100498e-02
-1.682398999e-02-2.074383985e-02-2.431454653e-02-2.744321496e-02-3.005032528e-02
-3.206923662e-02-3.344543648e-02-3.413591725e-02-3.410899021e-02-3.334474484e-02
-3.183639828e-02-2.959233052e-02-2.663904831e-02-2.302482901e-02-1.882330129e-02
-1.413687088e-02-9.098948921e-03-3.874272950e-03 1.343170137e-03 6.400298593e-03
 1.130107600e-02 1.604977298e-02 7.211692490e-03 3.833886582e-03 2.300189326e-04
-3.622545253e-03-7.607774601e-03-1.159927410e-02-1.547489809e-02-1.912076151e-02
-2.243376551e-02-2.532289063e-02-2.770966589e-02-2.952797616e-02-3.072369263e-02
-3.125428309e-02-3.108897842e-02-3.020935241e-02-2.861083321e-02-2.630478390e-02
-2.332151994e-02-1.971354269e-02-1.555908986e-02-1.096488854e-02-6.067694366e-03
-1.033223641e-03 3.949212562e-03 8.827996129e-03 1.360141471e-02 1.826758832e-02
 6.975680500e-03 3.889452693e-03 5.939874379e-04-2.926922206e-03-6.578336015e-03
-1.024031096e-02-1.379629796e-02-1.713693416e-02-2.016241993e-02-2.278400044e-02
-2.492472800e-02-2.651949219e-02-2.751504113e-02-2.786994896e-02-2.755495190e-02
-2.655387641e-02-2.486515855e-02-2.250405039e-02-1.950543865e-02-1.592700313e-02
-1.185215032e-02-7.392485551e-03-2.688723424e-03 2.090670154e-03 6.834791645e-03
 1.153271965e-02 1.617667767e-02 2.075964376e-02 6.888106452e-03 4.104200340e-03
 1.135257326e-03-2.027794045e-03-5.318116073e-03-8.622693098e-03-1.183121548e-02
-1.483941402e-02-1.755141612e-02-1.988135898e-02-2.175435659e-02-2.310699331e-02
-2.388756884e-02-2.405640649e-02-2.358656594e-02-2.246482597e-02-2.069352700e-02
-1.829257255e-02-1.530216535e-02-1.178551689e-02-7.831415909e-03-3.556041412e-03
 8.967399792e-04 5.393102142e-03 9.911247126e-03 1.443614286e-02 1.895705487e-02
 2.346541758e-02 6.937839355e-03 4.457104154e-03 1.823482885e-03-9.649386845e-04
-3.873820822e-03-6.798902034e-03-9.637316803e-03-1.229077859e-02-1.466811490e-02
-1.668707716e-02-1.827565695e-02-1.937288039e-02-1.992938018e-02-1.990804943e-02
-1.928505387e-02-1.805103413e-02-1.621288833e-02-1.379590071e-02-1.084603837e-02
-7.432126083e-03-3.647779423e-03 3.874404198e-04 4.541042804e-03 8.784630426e-03
 1.309674452e-02 1.746198844e-02 2.187008417e-02 2.631457969e-02 7.098309733e-03
 4.916059767e-03 2.617268209e-03 2.071646006e-04-2.305361928e-03-4.834697423e-03
-7.286256099e-03-9.568515164e-03-1.159579281e-02-1.329031802e-02-1.458384815e-02
-1.541868464e-02-1.574870864e-02-1.554022616e-02-1.477330939e-02-1.344320554e-02
-1.156213753e-02-9.161130871e-03-6.292323848e-03-3.029755314e-03 5.293381850e-04
 4.273351347e-03 8.169521141e-03 1.219149222e-02 1.631927735e-02 2.053897511e-02
 2.484268082e-02 2.922850532e-02 7.334284404e-03 5.442688791e-03 3.469256943e-03
 1.423061570e-03-6.833492566e-04-2.807022224e-03-4.861770893e-03-6.763380537e-03
-8.432277208e-03-9.795981245e-03-1.079095255e-02-1.136379712e-02-1.147250844e-02
-1.108759632e-02-1.019372833e-02-8.791466880e-03-6.898835060e-03-4.552530586e-03
-1.811881430e-03 1.244723506e-03 4.542234953e-03 8.045124525e-03 1.172376732e-02
 1.555421412e-02 1.951840764e-02 2.360427740e-02 2.780657185e-02 3.212818533e-02
 7.610902232e-03 6.000498334e-03 4.338747421e-03 2.638034775e-03 9.164458354e-04
-7.998360936e-04-2.456053874e-03-3.976045598e-03-5.286478587e-03-6.321083226e-03
-7.022166545e-03-7.341647046e-03-7.242471898e-03-6.699913125e-03-5.703585324e-03
-4.259839030e-03-2.393604237e-03-1.435985361e-04 2.417618053e-03 5.262306431e-03
 8.354152238e-03 1.166229068e-02 1.516060673e-02 1.882767045e-02 2.264709099e-02
 2.660793254e-02 3.070588683e-02 3.494533156e-02 7.899351707e-03 6.558852277e-03
 5.191147171e-03 3.810623007e-03 2.437631753e-03 1.099937233e-03-1.651697304e-04
-1.312908107e-03-2.274064547e-03-2.990021466e-03-3.410613278e-03-3.494029577e-03
-3.209133278e-03-2.535884088e-03-1.468015857e-03-1.758611032e-05 1.775059106e-03
 3.896587135e-03 6.316495682e-03 9.007873613e-03 1.194363007e-02 1.509871018e-02
 1.845079338e-02 2.198076640e-02 2.567325889e-02 2.951703590e-02 3.350611542e-02
 3.764144927e-02 8.178763268e-03 7.095539843e-03 6.002015672e-03 4.913867347e-03
 3.851870223e-03 2.842471058e-03 1.918413985e-03 1.118572592e-03 4.887216171e-04
 7.301600144e-05-8.927189674e-05 3.771581678e-05 4.769212393e-04 1.245053224e-03
 2.348222269e-03 3.781038868e-03 5.527766128e-03 7.573179491e-03 9.897749847e-03
 1.248096075e-02 1.530193345e-02 1.834036065e-02 2.157724115e-02 2.499530038e-02
 2.857941563e-02 3.231681465e-02 3.619761482e-02 4.021553327e-02 8.438565317e-03
 7.598021361e-03 6.757407870e-03 5.933628099e-03 5.147234628e-03 4.422694220e-03
 3.788546238e-03 3.276795898e-03 2.922125356e-03 2.758718924e-03 2.817981170e-03
 3.127232251e-03 3.707082527e-03 4.571714166e-03 5.727945913e-03 7.175164475e-03
 8.906402270e-03 1.091141857e-02 1.317695751e-02 1.568798018e-02 1.842842673e-02
 2.138188790e-02 2.453209602e-02 2.786316322e-02 3.135984953e-02 3.500724881e-02
 3.879077852e-02 4.269593465e-02 8.678578211e-03 8.062564545e-03 7.452062985e-03
 6.865091823e-03 6.321825465e-03 5.844808664e-03 5.458950752e-03 5.191050283e-03
 5.068964966e-03 5.120053476e-03 5.369730061e-03 5.840174258e-03 6.549090686e-03
 7.509261498e-03 8.728122787e-03 1.020785534e-02 1.194599207e-02 1.393663654e-02
 1.617109925e-02 1.863864710e-02 2.132711196e-02 2.422332870e-02 2.731337413e-02
 3.058266159e-02 3.401585788e-02 3.759633778e-02 4.130559900e-02 4.512211195e-02
 8.905872846e-03 8.491471619e-03 8.086435175e-03 7.709301723e-03 7.379472553e-03
 7.117665762e-03 6.945817782e-03 6.886779717e-03 6.963743764e-03 7.199324153e-03
 7.614574465e-03 8.228129299e-03 9.055391380e-03 1.010807552e-02 1.139396269e-02
 1.291696858e-02 1.467738163e-02 1.667251078e-02 1.889713965e-02 2.134399774e-02
 2.400417308e-02 2.686733923e-02 2.992184389e-02 3.315459236e-02 3.655078223e-02
 4.009306043e-02 4.376057703e-02 4.752748563e-02 9.127028889e-03 8.888334842e-03
 8.663363925e-03 8.470021824e-03 8.326508563e-03 8.251644941e-03 8.264862451e-03
 8.385956376e-03 8.634694845e-03 9.030239657e-03 9.590493297e-03 1.033151177e-02
 1.126693422e-02 1.240766966e-02 1.376166186e-02 1.533394604e-02 1.712671117e-02
 1.913966876e-02 2.137034640e-02 2.381435857e-02 2.646565229e-02 2.931659759e-02
 3.235795884e-02 3.557867151e-02 3.896538209e-02 4.250147752e-02 4.616595849e-02
 4.993166705e-02 9.343572497e-03 9.254843570e-03 9.185374127e-03 9.151459201e-03
 9.169653397e-03 9.256877177e-03 9.430334130e-03 9.707323939e-03 1.010501473e-02
 1.063992288e-02 1.132764057e-02 1.218227302e-02 1.321612504e-02 1.443946532e-02
 1.586034110e-02 1.748455614e-02 1.931574339e-02 2.135550944e-02 2.360365152e-02
 2.605830265e-02 2.871606133e-02 3.157204627e-02 3.461977290e-02 3.785088259e-02
 4.125463309e-02 4.481692521e-02 4.851900051e-02 5.233558458e-02 9.551629364e-03
 9.589925765e-03 9.653657675e-03 9.757146159e-03 9.915105867e-03 1.014255804e-02
 1.045474353e-02 1.086687248e-02 1.139397185e-02 1.205056309e-02 1.285038939e-02
 1.380608952e-02 1.492895351e-02 1.622874316e-02 1.771357599e-02 1.938985470e-02
 2.126234792e-02 2.333426918e-02 2.560736521e-02 2.808208472e-02 3.075762559e-02
 3.363195009e-02 3.670170649e-02 3.996197953e-02 4.340590014e-02 4.702370663e-02
 5.080161091e-02 5.471996967e-02 9.744361235e-03 9.890482108e-03 1.006804430e-02
 1.028954266e-02 1.056788917e-02 1.091641331e-02 1.134856821e-02 1.187778271e-02
 1.251734099e-02 1.328010401e-02 1.417838224e-02 1.522363846e-02 1.642635067e-02
 1.779586989e-02 1.934038859e-02 2.106681834e-02 2.298089389e-02 2.508717716e-02
 2.738921856e-02 2.988959160e-02 3.259004605e-02 3.549150877e-02 3.859409288e-02
 4.189696435e-02 4.539819704e-02 4.909411458e-02 5.297852679e-02 5.704124009e-02
 9.914562724e-03 1.015276413e-02 1.042761694e-02 1.075021973e-02 1.113204701e-02
 1.158488585e-02 1.212063416e-02 1.275117603e-02 1.348828640e-02 1.434348005e-02
 1.532783512e-02 1.645188030e-02 1.772542617e-02 1.915752334e-02 2.075636332e-02
 2.252933684e-02 2.448296813e-02 2.662305368e-02 2.895473293e-02 3.148260456e-02
 3.421085404e-02 3.714336097e-02 4.028382898e-02 4.363587761e-02 4.720319722e-02
 5.098942048e-02 5.499812260e-02 5.923245887e-02 1.005715948e-02 1.037351070e-02
 1.073113936e-02 1.114007871e-02 1.161061886e-02 1.215316455e-02 1.277819967e-02
 1.349623424e-02 1.431774383e-02 1.525304765e-02 1.631219080e-02 1.750490063e-02
 1.884041277e-02 2.032750236e-02 2.197439905e-02 2.378882809e-02 2.577803323e-02
 2.794887118e-02 3.030789495e-02 3.286151256e-02 3.561617207e-02 3.857853503e-02
 4.175574859e-02 4.515577434e-02 4.878790020e-02 5.266321492e-02 5.679561406e-02
 6.120325238e-02 1.016861960e-02 1.054979823e-02 1.097708308e-02 1.145945515e-02
 1.200589449e-02 1.262546373e-02 1.332733007e-02 1.412074919e-02 1.501499093e-02
 1.601931653e-02 1.714287799e-02 1.839465701e-02 1.978338779e-02 2.131757360e-02
 2.300544662e-02 2.485502036e-02 2.687410278e-02 2.907043059e-02 3.145176872e-02
 3.402609505e-02 3.680180005e-02 3.978798097e-02 4.299476361e-02 4.643382563e-02
 5.011918435e-02 5.406812297e-02 5.830300769e-02 6.285399955e-02 1.024370661e-02
 1.067756064e-02 1.116316781e-02 1.170793168e-02 1.231935496e-02 1.300511548e-02
 1.377309108e-02 1.463132221e-02 1.558798558e-02 1.665137225e-02 1.782978503e-02
 1.913152634e-02 2.056487873e-02 2.213803094e-02 2.385919398e-02 2.573656521e-02
 2.777837221e-02 2.999304901e-02 3.238934481e-02 3.497646350e-02 3.776438219e-02
 4.076410256e-02 4.398807219e-02 4.745068878e-02 5.116918347e-02 5.516467182e-02
 5.946422489e-02 6.410377694e-02 1.027365038e-02 1.075107526e-02 1.128615514e-02
 1.188447308e-02 1.255196194e-02 1.329491353e-02 1.411991521e-02 1.503386211e-02
 1.604390185e-02 1.715738614e-02 1.838182793e-02 1.972492028e-02 2.119443716e-02
 2.279830146e-02 2.454459625e-02 2.644158534e-02 2.849779263e-02 3.072216213e-02
 3.312412606e-02 3.571381319e-02 3.850234850e-02 4.150209023e-02 4.472704646e-02
 4.819327261e-02 5.191955564e-02 5.592805462e-02 6.024659935e-02 6.491017575e-02
 1.024861696e-02 1.076396484e-02 1.134239170e-02 1.198774550e-02 1.270441652e-02
 1.349733898e-02 1.437188685e-02 1.533382300e-02 1.638934060e-02 1.754492914e-02
 1.880733187e-02 2.018363131e-02 2.168111769e-02 2.330737696e-02 2.507031086e-02
 2.697814766e-02 2.903957484e-02 3.126381390e-02 3.366072393e-02 3.624102666e-02
 3.901655851e-02 4.200053382e-02 4.520791172e-02 4.865566793e-02 5.236299236e-02
 5.635002832e-02 6.064341520e-02 6.528663859e-02 1.015941773e-02 1.071013431e-02
 1.132851191e-02 1.201672864e-02 1.277771518e-02 1.361512524e-02 1.453319179e-02
 1.553670902e-02 1.663091804e-02 1.782150186e-02 1.911449572e-02 2.051635852e-02
 2.203388013e-02 2.367428118e-02 2.544518599e-02 2.735473507e-02 2.941158506e-02
 3.162506421e-02 3.400522838e-02 3.656304367e-02 3.931062157e-02 4.226159846e-02
 4.543151458e-02 4.883809536e-02 5.250258872e-02 5.643532919e-02 6.064711455e-02
 6.539826914e-02 9.998620124e-03 1.058471135e-02 1.124211476e-02 1.197113114e-02
 1.277335608e-02 1.365131926e-02 1.460828581e-02 1.564812513e-02 1.677525903e-02
 1.799460083e-02 1.931151928e-02 2.073182948e-02 2.226180909e-02 2.390824345e-02
 2.567845575e-02 2.758035404e-02 2.962248830e-02 3.181416067e-02 3.416537949e-02
 3.668700905e-02 3.939095918e-02 4.229074512e-02 4.540213967e-02 4.874177533e-02
 5.235366193e-02 5.622176233e-02 6.046049379e-02 6.514298111e-02 9.758964117e-03
 1.038409705e-02 1.108235241e-02 1.185204868e-02 1.269400724e-02 1.360997645e-02
 1.460237811e-02 1.567430624e-02 1.682953645e-02 1.807224321e-02 1.940707308e-02
 2.083922938e-02 2.237447629e-02 2.401911535e-02 2.578002863e-02 2.766486565e-02
 2.968200097e-02 3.184065843e-02 3.415065889e-02 3.662254670e-02 3.926721656e-02
 4.209710917e-02 4.513028834e-02 4.834440553e-02 5.193209700e-02 5.581870526e-02
 5.998800618e-02 6.450449123e-02 9.440765140e-03 1.010744240e-02 1.085127986e-02
 1.166256551e-02 1.254376677e-02 1.349621353e-02 1.452160638e-02 1.562218213e-02
 1.680155165e-02 1.806299758e-02 1.941046327e-02 2.084840743e-02 2.238219580e-02
 2.401752873e-02 2.576073335e-02 2.761910334e-02 2.960081184e-02 3.171531267e-02
 3.397209210e-02 3.638189405e-02 3.895288575e-02 4.169064181e-02 4.468163993e-02
 4.791683588e-02 5.138510804e-02 5.511031486e-02 5.912307234e-02 6.346071053e-02
 1.019898057e+00 9.908413262e-01 9.934287160e-01 9.835480953e-01 1.029660389e+00
 1.019876059e+00 1.064039389e+00 1.062434842e+00 1.094231277e+00 1.109777879e+00
 1.135904967e+00 1.169199268e+00 1.188614778e+00 1.226622082e+00 1.259224753e+00
 1.295893780e+00 1.340900415e+00 1.388581265e+00 1.440708634e+00 1.503011572e+00
 1.572961319e+00 1.656438487e+00 1.750041488e+00 1.875326820e+00 2.016966822e+00
 2.230843622e+00 2.558116200e+00 3.726910353e+00
  105  512
 8.706296086e-01 3.484291732e-01 8.903703690e-01 3.416360617e-01 9.101110697e-01
 3.326099515e-01 9.103047848e-01 3.324999809e-01 9.298518300e-01 3.223870099e-01
 9.495925903e-01 3.095941246e-01 9.506993890e-01 3.087500036e-01 9.693332911e-01
 2.951743007e-01 9.810351133e-01 2.849999964e-01 9.890740514e-01 2.780840099e-01
 1.005878806e+00 2.612499893e-01 1.008814812e+00 2.582403123e-01 1.026660204e+00
 2.374999970e-01 1.028555512e+00 2.351666242e-01 1.044320703e+00 2.137500048e-01
 1.048296213e+00 2.078100890e-01 1.059401631e+00 1.899999976e-01 1.068037033e+00
 1.741052121e-01 1.072130680e+00 1.662499905e-01 1.082695723e+00 1.424999982e-01
 1.087777734e+00 1.282527149e-01 1.091163635e+00 1.187499985e-01 1.097628713e+00
 9.499999881e-02 1.101899624e+00 7.124999911e-02 1.104008198e+00 4.749999940e-02
 1.103938103e+00 2.374999970e-02 1.101601362e+00 0.000000000e+00 1.096839428e+00
-2.374999970e-02 1.089463830e+00-4.749999940e-02 1.087777734e+00-5.161809921e-02
 1.079839945e+00-7.124999911e-02 1.068037033e+00-9.437410533e-02 1.067713499e+00
-9.499999881e-02 1.053662539e+00-1.187499985e-01 1.048296213e+00-1.269189864e-01
 1.037669897e+00-1.424999982e-01 1.028555512e+00-1.551242471e-01 1.019992828e+00
-1.662499905e-01 1.008814812e+00-1.805369705e-01 1.000710130e+00-1.899999976e-01
 9.890740514e-01-2.038399577e-01 9.797107577e-01-2.137500048e-01 9.693332911e-01
-2.253059894e-01 9.567144513e-01-2.374999970e-01 9.495925903e-01-2.449785024e-01
 9.313340187e-01-2.612499893e-01 9.298518300e-01-2.627364993e-01 9.101110697e-01
-2.793818712e-01 9.019130468e-01-2.849999964e-01 8.903703690e-01-2.943575382e-01
 8.706296086e-01-3.072265387e-01 8.676158786e-01-3.087500036e-01 8.508888483e-01
-3.194965124e-01 8.311481476e-01-3.294691741e-01 8.229814172e-01-3.324999809e-01
 8.114073873e-01-3.386108279e-01 7.916666269e-01-3.463539779e-01 7.719259262e-01
-3.521278203e-01 7.521852255e-01-3.558732867e-01 7.324444652e-01-3.552819192e-01
 7.223811746e-01-3.324999809e-01 7.169995904e-01-3.087500036e-01 7.127037048e-01
-2.877994776e-01 7.123459578e-01-2.849999964e-01 7.081502676e-01-2.612499893e-01
 7.040935159e-01-2.374999970e-01 7.001929283e-01-2.137500048e-01 6.964202523e-01
-1.899999976e-01 6.929630041e-01-1.680581570e-01 6.927132010e-01-1.662499905e-01
 6.889854074e-01-1.424999982e-01 6.852299571e-01-1.187499985e-01 6.814364195e-01
-9.499999881e-02 6.776071191e-01-7.124999911e-02 6.737630367e-01-4.749999940e-02
 6.732222438e-01-4.419877753e-02 6.698360443e-01-2.374999970e-02 6.660178304e-01
 0.000000000e+00 6.624820828e-01 2.374999970e-02 6.593827605e-01 4.749999940e-02
 6.568548083e-01 7.124999911e-02 6.550104618e-01 9.499999881e-02 6.539492607e-01
 1.187499985e-01 6.537815332e-01 1.424999982e-01 6.546601057e-01 1.662499905e-01
 6.568118334e-01 1.899999976e-01 6.605666876e-01 2.137500048e-01 6.663908958e-01
 2.374999970e-01 6.732222438e-01 2.570523024e-01 6.748499274e-01 2.612499893e-01
 6.865587831e-01 2.849999964e-01 6.929630041e-01 2.951447964e-01 7.035039663e-01
 3.087500036e-01 7.127037048e-01 3.187491298e-01 7.298671007e-01 3.324999809e-01
 7.324444652e-01 3.343827128e-01 7.521852255e-01 3.453240991e-01 7.719259262e-01
 3.520487547e-01 7.916666269e-01 3.556838334e-01 8.005482554e-01 3.562499881e-01
 8.114073873e-01 3.569792807e-01 8.252851963e-01 3.562499881e-01 8.311481476e-01
 3.559963703e-01 8.508888483e-01 3.531771004e-01 8.706296086e-01 3.484291732e-01
 1.136000037e+00 0.000000000e+00 1.136000037e+00 7.333677262e-03 1.136000037e+00
 1.466735452e-02 1.136000037e+00 2.200103179e-02 1.136000037e+00 2.933470905e-02
 1.136000037e+00 3.666838631e-02 1.136000037e+00 4.400206357e-02 1.136000037e+00
 5.133574083e-02 1.136000037e+00 5.866941810e-02 1.136000037e+00 6.600309163e-02
 1.136000037e+00 7.333677262e-02 1.136000037e+00 8.067044616e-02 1.136000037e+00
 8.800412714e-02 1.136000037e+00 9.533780068e-02 1.136000037e+00 1.026714817e-01
 1.136000037e+00 1.100051552e-01 1.136000037e+00 1.173388362e-01 1.136000037e+00
 1.246725097e-01 1.136000037e+00 1.320061833e-01 1.136000037e+00 1.393398643e-01
 1.136000037e+00 1.466735452e-01 1.136000037e+00 1.540072262e-01 1.136000037e+00
 1.613408923e-01 1.136000037e+00 1.686745733e-01 1.136000037e+00 1.760082543e-01
 1.136000037e+00 1.833419353e-01 1.136000037e+00 1.906756014e-01 1.136000037e+00
 1.980092824e-01 1.136000037e+00 2.053429633e-01 1.136000037e+00 2.126766443e-01
 1.136000037e+00 2.200103104e-01 1.136000037e+00 2.273439914e-01 1.136000037e+00
 2.346776724e-01 1.136000037e+00 2.420113534e-01 1.136000037e+00 2.493450195e-01
 1.136000037e+00 2.566787004e-01 1.136000037e+00 2.640123665e-01 1.136000037e+00
 2.713460624e-01 1.136000037e+00 2.786797285e-01 1.136000037e+00 2.860133946e-01
 1.136000037e+00 2.933470905e-01 1.136000037e+00 3.006807566e-01 1.136000037e+00
 3.080144525e-01 1.136000037e+00 3.153481185e-01 1.136000037e+00 3.226817846e-01
 1.136000037e+00 3.300154805e-01 1.136000037e+00 3.373491466e-01 1.136000037e+00
 3.446828127e-01 1.136000037e+00 3.520165086e-01 1.136000037e+00 3.593501747e-01
 1.136000037e+00 3.666838706e-01 1.136000037e+00 3.740175366e-01 1.136000037e+00
 3.813512027e-01 1.136000037e+00 3.886848986e-01 1.136000037e+00 3.960185647e-01
 1.136000037e+00 4.033522308e-01 1.136000037e+00 4.106859267e-01 1.136000037e+00
 4.180195928e-01 1.136000037e+00 4.253532887e-01 1.136000037e+00 4.326869547e-01
 1.136000037e+00 4.400206208e-01 1.136000037e+00 4.473543167e-01 1.136000037e+00
 4.546879828e-01 1.136000037e+00 4.620216489e-01 1.136000037e+00 4.693553448e-01
 1.136000037e+00 4.766890109e-01 1.136000037e+00 4.840227067e-01 1.136000037e+00
 4.913563728e-01 1.136000037e+00 4.986900389e-01 1.136000037e+00 5.060237050e-01
 1.136000037e+00 5.133574009e-01 1.136000037e+00 5.206910968e-01 1.136000037e+00
 5.280247331e-01 1.136000037e+00 5.353584290e-01 1.136000037e+00 5.426921248e-01
 1.135598063e+00 5.498796701e-01 1.130887747e+00 5.555006266e-01 1.126177430e+00
 5.611216426e-01 1.121467113e+00 5.667426586e-01 1.116756797e+00 5.723636746e-01
 1.112046480e+00 5.779846907e-01 1.107336164e+00 5.836056471e-01 1.102625847e+00
 5.892266631e-01 1.097915530e+00 5.948476791e-01 1.093205214e+00 6.004686952e-01
 1.088494897e+00 6.060896516e-01 1.083784461e+00 6.117106676e-01 1.079074144e+00
 6.173316836e-01 1.074363828e+00 6.229526997e-01 1.069653511e+00 6.285737157e-01
 1.064943194e+00 6.341946721e-01 1.060232878e+00 6.398156881e-01 1.055522561e+00
 6.454367042e-01 1.050812244e+00 6.510577202e-01 1.046101928e+00 6.566787362e-01
 1.041391611e+00 6.622996926e-01 1.036681294e+00 6.679207087e-01 1.031970978e+00
 6.735417247e-01 1.027260661e+00 6.791627407e-01 1.022550344e+00 6.847837567e-01
 1.017840028e+00 6.904047132e-01 1.013129711e+00 6.960257292e-01 1.008419394e+00
 7.016467452e-01 1.003709078e+00 7.072677612e-01 9.989987016e-01 7.128887773e-01
 9.942883849e-01 7.185097337e-01 9.895780683e-01 7.241307497e-01 9.848677516e-01
 7.297517657e-01 9.801574349e-01 7.353727818e-01 9.754471183e-01 7.409937382e-01
 9.707368016e-01 7.466147542e-01 9.649829865e-01 7.500000000e-01 9.576493502e-01
 7.500000000e-01 9.503156543e-01 7.500000000e-01 9.429819584e-01 7.500000000e-01
 9.356483221e-01 7.500000000e-01 9.283146262e-01 7.500000000e-01 9.209809303e-01
 7.500000000e-01 9.136472344e-01 7.500000000e-01 9.063135982e-01 7.500000000e-01
 8.989799023e-01 7.500000000e-01 8.916462064e-01 7.500000000e-01 8.843125701e-01
 7.500000000e-01 8.769788742e-01 7.500000000e-01 8.696451783e-01 7.500000000e-01
 8.623115420e-01 7.500000000e-01 8.549778461e-01 7.500000000e-01 8.476441503e-01
 7.500000000e-01 8.403105140e-01 7.500000000e-01 8.329768181e-01 7.500000000e-01
 8.256431222e-01 7.500000000e-01 8.183094859e-01 7.500000000e-01 8.109757900e-01
 7.500000000e-01 8.036420941e-01 7.500000000e-01 7.963084579e-01 7.500000000e-01
 7.889747620e-01 7.500000000e-01 7.816410661e-01 7.500000000e-01 7.743073702e-01
 7.500000000e-01 7.669737339e-01 7.500000000e-01 7.596400380e-01 7.500000000e-01
 7.523063421e-01 7.500000000e-01 7.449727058e-01 7.500000000e-01 7.376390100e-01
 7.500000000e-01 7.303053141e-01 7.500000000e-01 7.229716778e-01 7.500000000e-01
 7.156379819e-01 7.500000000e-01 7.083042860e-01 7.500000000e-01 7.009706497e-01
 7.500000000e-01 6.936369538e-01 7.500000000e-01 6.863032579e-01 7.500000000e-01
 6.789696217e-01 7.500000000e-01 6.716359258e-01 7.500000000e-01 6.661760807e-01
 7.454761267e-01 6.609904170e-01 7.402904034e-01 6.558046937e-01 7.351047397e-01
 6.506190300e-01 7.299190164e-01 6.454333067e-01 7.247333527e-01 6.402476430e-01
 7.195476294e-01 6.350619197e-01 7.143619657e-01 6.298762560e-01 7.091762424e-01
 6.246905327e-01 7.039905787e-01 6.240000129e-01 6.969429255e-01 6.240000129e-01
 6.896092296e-01 6.240000129e-01 6.822755933e-01 6.240000129e-01 6.749418974e-01
 6.240000129e-01 6.676082015e-01 6.240000129e-01 6.602745056e-01 6.240000129e-01
 6.529408693e-01 6.240000129e-01 6.456071734e-01 6.240000129e-01 6.382734776e-01
 6.240000129e-01 6.309398413e-01 6.240000129e-01 6.236061454e-01 6.240000129e-01
 6.162724495e-01 6.240000129e-01 6.089388132e-01 6.240000129e-01 6.016051173e-01
 6.240000129e-01 5.942714214e-01 6.240000129e-01 5.869377851e-01 6.240000129e-01
 5.796040893e-01 6.240000129e-01 5.722703934e-01 6.240000129e-01 5.649367571e-01
 6.240000129e-01 5.576030612e-01 6.240000129e-01 5.502693653e-01 6.240000129e-01
 5.429356694e-01 6.240000129e-01 5.356020331e-01 6.240000129e-01 5.282683372e-01
 6.240000129e-01 5.209346414e-01 6.240000129e-01 5.136010051e-01 6.240000129e-01
 5.062673092e-01 6.240000129e-01 4.989336431e-01 6.240000129e-01 4.915999472e-01
 6.240000129e-01 4.842662811e-01 6.240000129e-01 4.769326150e-01 6.240000129e-01
 4.695989192e-01 6.240000129e-01 4.622652531e-01 6.240000129e-01 4.549315572e-01
 6.240000129e-01 4.475978911e-01 6.240000129e-01 4.402642250e-01 6.240000129e-01
 4.329305291e-01 6.240000129e-01 4.255968630e-01 6.240000129e-01 4.182631969e-01
 6.240000129e-01 4.109295011e-01 6.240000129e-01 4.035958350e-01 6.240000129e-01
 3.962621689e-01 6.240000129e-01 3.889284730e-01 6.240000129e-01 3.815948069e-01
 6.240000129e-01 3.742611110e-01 6.240000129e-01 3.669274449e-01 6.240000129e-01
 3.595937788e-01 6.240000129e-01 3.522600830e-01 6.240000129e-01 3.449264169e-01
 6.240000129e-01 3.375927508e-01 6.240000129e-01 3.302590549e-01 6.240000129e-01
 3.229253888e-01 6.240000129e-01 3.155916929e-01 6.240000129e-01 3.082580268e-01
 6.240000129e-01 3.009243608e-01 6.240000129e-01 2.935906649e-01 6.240000129e-01
 2.862569988e-01 6.240000129e-01 2.789233327e-01 6.240000129e-01 2.715896368e-01
 6.240000129e-01 2.642559707e-01 6.240000129e-01 2.569222748e-01 6.240000129e-01
 2.495886087e-01 6.240000129e-01 2.422549278e-01 6.240000129e-01 2.349212617e-01
 6.240000129e-01 2.275875807e-01 6.240000129e-01 2.202538997e-01 6.240000129e-01
 2.129202187e-01 6.240000129e-01 2.055865526e-01 6.240000129e-01 1.982528716e-01
 6.240000129e-01 1.909191906e-01 6.240000129e-01 1.835855097e-01 6.240000129e-01
 1.762518436e-01 6.240000129e-01 1.689181626e-01 6.240000129e-01 1.615844816e-01
 6.240000129e-01 1.542508006e-01 6.240000129e-01 1.469171345e-01 6.240000129e-01
 1.395834535e-01 6.240000129e-01 1.322497725e-01 6.240000129e-01 1.249160990e-01
 6.240000129e-01 1.175824255e-01 6.240000129e-01 1.102487445e-01 6.240000129e-01
 1.029150710e-01 6.240000129e-01 9.558138996e-02 6.240000129e-01 8.824771643e-02
 6.240000129e-01 8.091403544e-02 6.240000129e-01 7.358036190e-02 6.240000129e-01
 6.624668092e-02 6.240000129e-01 5.891300365e-02 6.240000129e-01 5.157932639e-02
 6.240000129e-01 4.424564913e-02 6.240000129e-01 3.691197187e-02 6.240000129e-01
 2.957829647e-02 6.240000129e-01 2.224461921e-02 6.240000129e-01 1.491094194e-02
 6.240000129e-01 7.577264681e-03 6.240000129e-01 2.435875940e-04 6.240000129e-01
-7.090089377e-03 6.240000129e-01-1.442376710e-02 6.240000129e-01-2.175744437e-02
 6.240000129e-01-2.909112163e-02 6.240000129e-01-3.642479703e-02 6.240000129e-01
-4.375847429e-02 6.240000129e-01-5.109215155e-02 6.240000129e-01-5.842582881e-02
 6.240000129e-01-6.575950980e-02 6.240000129e-01-7.309318334e-02 6.240000129e-01
-8.042686433e-02 6.240000129e-01-8.776053786e-02 6.240000129e-01-9.509421885e-02
 6.240000129e-01-1.024278924e-01 6.240000129e-01-1.097615734e-01 6.240000129e-01
-1.170952469e-01 6.240000129e-01-1.244289279e-01 6.240000129e-01-1.317625940e-01
 6.240000129e-01-1.390962750e-01 6.240000129e-01-1.464299560e-01 6.240000129e-01
-1.537636369e-01 6.240000129e-01-1.610973030e-01 6.240000129e-01-1.684309840e-01
 6.240000129e-01-1.757646650e-01 6.240000129e-01-1.830983460e-01 6.240000129e-01
-1.904320121e-01 6.240000129e-01-1.977656931e-01 6.240000129e-01-2.050993741e-01
 6.240000129e-01-2.124330550e-01 6.240000129e-01-2.197667211e-01 6.240000129e-01
-2.271004021e-01 6.240000129e-01-2.344340831e-01 6.240000129e-01-2.417677641e-01
 6.240000129e-01-2.491014302e-01 6.240000129e-01-2.564351261e-01 6.240000129e-01
-2.637687922e-01 6.240000129e-01-2.711024582e-01 6.240000129e-01-2.784361541e-01
 6.240000129e-01-2.857698202e-01 6.240000129e-01-2.931034863e-01 6.240000129e-01
-3.004371822e-01 6.240000129e-01-3.077708483e-01 6.240000129e-01-3.151045442e-01
 6.240000129e-01-3.224382102e-01 6.240000129e-01-3.297718763e-01 6.240000129e-01
-3.371055722e-01 6.240000129e-01-3.444392383e-01 6.240000129e-01-3.517729044e-01
 6.240000129e-01-3.591066003e-01 6.240000129e-01-3.664402664e-01 6.240000129e-01
-3.737739623e-01 6.240000129e-01-3.811076283e-01 6.240000129e-01-3.884412944e-01
 6.240000129e-01-3.957749903e-01 6.240000129e-01-4.031086564e-01 6.240000129e-01
-4.104423225e-01 6.240000129e-01-4.177760184e-01 6.240000129e-01-4.251096845e-01
 6.240000129e-01-4.324433506e-01 6.240000129e-01-4.397770464e-01 6.240000129e-01
-4.471107125e-01 6.240000129e-01-4.544444084e-01 6.240000129e-01-4.617780745e-01
 6.240000129e-01-4.691117406e-01 6.240000129e-01-4.764454365e-01 6.240000129e-01
-4.837791026e-01 6.240000129e-01-4.911127687e-01 6.240000129e-01-4.984464645e-01
 6.240000129e-01-5.057801604e-01 6.240000129e-01-5.131137967e-01 6.240000129e-01
-5.204474926e-01 6.240000129e-01-5.277811885e-01 6.240000129e-01-5.351148248e-01
 6.240000129e-01-5.424485207e-01 6.240000129e-01-5.497822165e-01 6.240000129e-01
-5.571158528e-01 6.240000129e-01-5.644495487e-01 6.240000129e-01-5.717832446e-01
 6.240000129e-01-5.791168809e-01 6.240000129e-01-5.864505768e-01 6.240000129e-01
-5.937842727e-01 6.240000129e-01-6.011179686e-01 6.240000129e-01-6.084516048e-01
 6.240000129e-01-6.157853007e-01 6.240000129e-01-6.231189966e-01 6.240000129e-01
-6.304526329e-01 6.240000129e-01-6.377863288e-01 6.240000129e-01-6.451200247e-01
 6.240000129e-01-6.524536610e-01 6.240000129e-01-6.597873569e-01 6.240000129e-01
-6.671210527e-01 6.240000129e-01-6.744546890e-01 6.240000129e-01-6.817883849e-01
 6.240000129e-01-6.891220808e-01 6.240000129e-01-6.964557171e-01 6.243522167e-01
-7.036398053e-01 6.296297312e-01-7.087320089e-01 6.349073052e-01-7.138242126e-01
 6.401848197e-01-7.189163566e-01 6.454623938e-01-7.240085602e-01 6.507399678e-01
-7.291007042e-01 6.560174823e-01-7.341929078e-01 6.612950563e-01-7.392851114e-01
 6.665725708e-01-7.443772554e-01 6.718501449e-01-7.494694591e-01 6.789696217e-01
-7.500000000e-01 6.863032579e-01-7.500000000e-01 6.936369538e-01-7.500000000e-01
 7.009706497e-01-7.500000000e-01 7.083042860e-01-7.500000000e-01 7.156379819e-01
-7.500000000e-01 7.229716778e-01-7.500000000e-01 7.303053141e-01-7.500000000e-01
 7.376390100e-01-7.500000000e-01 7.449727058e-01-7.500000000e-01 7.523063421e-01
-7.500000000e-01 7.596400380e-01-7.500000000e-01 7.669737339e-01-7.500000000e-01
 7.743073702e-01-7.500000000e-01 7.816410661e-01-7.500000000e-01 7.889747620e-01
-7.500000000e-01 7.963084579e-01-7.500000000e-01 8.036420941e-01-7.500000000e-01
 8.109757900e-01-7.500000000e-01 8.183094859e-01-7.500000000e-01 8.256431222e-01
-7.500000000e-01 8.329768181e-01-7.500000000e-01 8.403105140e-01-7.500000000e-01
 8.476441503e-01-7.500000000e-01 8.549778461e-01-7.500000000e-01 8.623115420e-01
-7.500000000e-01 8.696451783e-01-7.500000000e-01 8.769788742e-01-7.500000000e-01
 8.843125701e-01-7.500000000e-01 8.916462064e-01-7.500000000e-01 8.989799023e-01
-7.500000000e-01 9.063135982e-01-7.500000000e-01 9.136472344e-01-7.500000000e-01
 9.209809303e-01-7.500000000e-01 9.283146262e-01-7.500000000e-01 9.356483221e-01
-7.500000000e-01 9.429819584e-01-7.500000000e-01 9.503156543e-01-7.500000000e-01
 9.576493502e-01-7.500000000e-01 9.649829865e-01-7.500000000e-01 9.707368016e-01
-7.466147542e-01 9.754471183e-01-7.409937382e-01 9.801574349e-01-7.353727818e-01
 9.848677516e-01-7.297517657e-01 9.895780683e-01-7.241307497e-01 9.942883849e-01
-7.185097337e-01 9.989987016e-01-7.128887773e-01 1.003709078e+00-7.072677612e-01
 1.008419394e+00-7.016467452e-01 1.013129711e+00-6.960257292e-01 1.017840028e+00
-6.904047132e-01 1.022550344e+00-6.847837567e-01 1.027260661e+00-6.791627407e-01
 1.031970978e+00-6.735417247e-01 1.036681294e+00-6.679207087e-01 1.041391611e+00
-6.622996926e-01 1.046101928e+00-6.566787362e-01 1.050812244e+00-6.510577202e-01
 1.055522561e+00-6.454367042e-01 1.060232878e+00-6.398156881e-01 1.064943194e+00
-6.341946721e-01 1.069653511e+00-6.285737157e-01 1.074363828e+00-6.229526997e-01
 1.079074144e+00-6.173316836e-01 1.083784461e+00-6.117106676e-01 1.088494897e+00
-6.060896516e-01 1.093205214e+00-6.004686952e-01 1.097915530e+00-5.948476791e-01
 1.102625847e+00-5.892266631e-01 1.107336164e+00-5.836056471e-01 1.112046480e+00
-5.779846907e-01 1.116756797e+00-5.723636746e-01 1.121467113e+00-5.667426586e-01
 1.126177430e+00-5.611216426e-01 1.130887747e+00-5.555006266e-01 1.135598063e+00
-5.498796701e-01 1.136000037e+00-5.426921248e-01 1.136000037e+00-5.353584290e-01
 1.136000037e+00-5.280247331e-01 1.136000037e+00-5.206910968e-01 1.136000037e+00
-5.133574009e-01 1.136000037e+00-5.060237050e-01 1.136000037e+00-4.986900389e-01
 1.136000037e+00-4.913563728e-01 1.136000037e+00-4.840227067e-01 1.136000037e+00
-4.766890109e-01 1.136000037e+00-4.693553448e-01 1.136000037e+00-4.620216489e-01
 1.136000037e+00-4.546879828e-01 1.136000037e+00-4.473543167e-01 1.136000037e+00
-4.400206208e-01 1.136000037e+00-4.326869547e-01 1.136000037e+00-4.253532887e-01
 1.136000037e+00-4.180195928e-01 1.136000037e+00-4.106859267e-01 1.136000037e+00
-4.033522308e-01 1.136000037e+00-3.960185647e-01 1.136000037e+00-3.886848986e-01
 1.136000037e+00-3.813512027e-01 1.136000037e+00-3.740175366e-01 1.136000037e+00
-3.666838706e-01 1.136000037e+00-3.593501747e-01 1.136000037e+00-3.520165086e-01
 1.136000037e+00-3.446828127e-01 1.136000037e+00-3.373491466e-01 1.136000037e+00
-3.300154805e-01 1.136000037e+00-3.226817846e-01 1.136000037e+00-3.153481185e-01
 1.136000037e+00-3.080144525e-01 1.136000037e+00-3.006807566e-01 1.136000037e+00
-2.933470905e-01 1.136000037e+00-2.860133946e-01 1.136000037e+00-2.786797285e-01
 1.136000037e+00-2.713460624e-01 1.136000037e+00-2.640123665e-01 1.136000037e+00
-2.566787004e-01 1.136000037e+00-2.493450195e-01 1.136000037e+00-2.420113534e-01
 1.136000037e+00-2.346776724e-01 1.136000037e+00-2.273439914e-01 1.136000037e+00
-2.200103104e-01 1.136000037e+00-2.126766443e-01 1.136000037e+00-2.053429633e-01
 1.136000037e+00-1.980092824e-01 1.136000037e+00-1.906756014e-01 1.136000037e+00
-1.833419353e-01 1.136000037e+00-1.760082543e-01 1.136000037e+00-1.686745733e-01
 1.136000037e+00-1.613408923e-01 1.136000037e+00-1.540072262e-01 1.136000037e+00
-1.466735452e-01 1.136000037e+00-1.393398643e-01 1.136000037e+00-1.320061833e-01
 1.136000037e+00-1.246725097e-01 1.136000037e+00-1.173388362e-01 1.136000037e+00
-1.100051552e-01 1.136000037e+00-1.026714817e-01 1.136000037e+00-9.533780068e-02
 1.136000037e+00-8.800412714e-02 1.136000037e+00-8.067044616e-02 1.136000037e+00
-7.333677262e-02 1.136000037e+00-6.600309163e-02 1.136000037e+00-5.866941810e-02
 1.136000037e+00-5.133574083e-02 1.136000037e+00-4.400206357e-02 1.136000037e+00
-3.666838631e-02 1.136000037e+00-2.933470905e-02 1.136000037e+00-2.200103179e-02
 1.136000037e+00-1.466735452e-02 1.136000037e+00-7.333677262e-03
   -4.01610902e-02   psiaxis, psi0*2pi =    -2.52339572e-01
    8.88472259e-01   r-magaxe
    3.96214947e-02   z-magaxe -> shited from:      3.96214947e-02 
    5.52996993e-04   Z0 (zaver) -> shited from:      5.52996993e-04 
    8.80000000e-01   R0 [m]
    1.42444637e+00   B0 [T]
    1.00000000e+00   SIGN OF B0 IN EXPERIMENT
    3.37674309e-01   TOTAL CURRENT -> I-p [A]:      3.36834781e+05 
    1.00000000e+00   SIGN OF IP IN EXPERIMENT
    1.58331930e+00   kappa
    1.01989806e+00   q_0        zcs(1)      0.00000000e+00 
    3.72691035e+00   q_edge
    2.36673310e-01   beta_pol
    7.16290576e-03   beta_tor
    8.07573259e-01   li
    1.00000000e+00   number of X points
    8.26024400e-01  R of Xpt nb: 1  -> in [m]:     7.26901472e-01 
   -4.14340435e-01  Z of Xpt nb: 1  -> in [m]:    -3.64619583e-01 
    5.50000000e-01   time
    5.50000012e-01   time effective in node
  52062   shot number
  Liuqe version : 
  with vertical shift =     0.00000000e+00
Equil saved such as to have Ip and B positive
In this case the original B0 and Ip are:
    1.42444637e+00   B0
    3.36834781e+05   Ip[A]
