1110307001  1110307002  1110307003  1110307004  1110307005  1110307006  1110309001  1110309002  1110309003  1110309004
  1110309005  1110309006  1110309007  1110309008  1110309009  1110309010  1110309011  1110309012  1110309013  1110309014
  1110309015  1110309016  1110309017  1110309018  1110309019  1110309020  1110309021  1110309022  1110309023  1110309024
  1110309025  1110309026  1110309027  1110309028  1110309029  1110309030  1110309031  1110309032  1110309033  1110309034
  1110310001  1110310002  1110310003  1110310004  1110310005  1110310006  1110310007  1110310008  1110310009  1110310010
  1110310011  1110310012  1110310013  1110310014  1110310015  1110310016  1110310017  1110310018  1110310019  1110310020
  1110310021  1110310022  1110310023  1110316001  1110316002  1110316003  1110316004  1110316005  1110316006  1110316007
  1110316008  1110316009  1110316010  1110316011  1110316012  1110316013  1110316014  1110316015  1110316016  1110316017
  1110316018  1110316019  1110316020  1110316021  1110316022  1110316023  1110316024  1110316025  1110316026  1110316027
  1110316028  1110316029  1110316030  1110316031  1110316032  1110316033  1110317001  1110317002  1110317003  1110317004
  1110317005  1110317006  1110317007  1110317008  1110317009  1110317010  1110317011  1110317012  1110317013  1110317014
  1110317015  1110317016  1110317017  1110317018  1110317019  1110317020  1110317021  1110317022  1110317023  1110317024
  1110317025  1110317026  1110317027  1110317028  1110317029  1110317030  1110317031  1110317032  1110317033  1110317034
  1110317035  1110317036  1110318001  1110318002  1110318003  1110318004  1110318005  1110318006  1110318007  1110318008
  1110318009  1110318010  1110318011  1110318012  1110318013  1110318014  1110318015  1110318016  1110318017  1110318018
  1110318019  1110318020  1110318021  1110318022  1110318023  1110318024  1110318025  1110318026  1110318027  1110318028
  1110318029  1110321001  1110321002  1110321003  1110321004  1110321005  1110321006  1110321007  1110321008  1110321009
  1110321010  1110321011  1110321012  1110321013  1110321014  1110321015  1110321016  1110321017  1110322001  1110322002
  1110322003  1110322004  1110322005  1110323001  1110323002  1110323003  1110323004  1110323005  1110323006  1110323007
  1110323008  1110323009  1110323010  1110323011  1110323012  1110323013  1110323014  1110323015  1110323016  1110323017
  1110323018  1110323019  1110323020  1110323021  1110323022  1110323023  1110323024  1110323025  1110323026  1110323027
  1110323028  1110323029  1110323030  1110323031  1110323032  1110325001  1110325002  1110325003  1110325004  1110325005
  1110325006  1110325007  1110325008  1110325009  1110325010  1110325011  1110325012  1110325013  1110325014  1110325015
  1110325016  1110325017  1110325018  1110325019  1110325020  1110325021  1110325022  1110325023  1110325024  1110325025
  1110325026  1110325027  1110325028  1110325029  1110325030  1110325031  1110325032  1110325033  1110325034  1110329001
  1110329002  1110329003  1110329004  1110329005  1110329006  1110329007  1110329008  1110329009  1110329010  1110329011
  1110329012  1110329013  1110329014  1110329015  1110329016  1110329017  1110329018  1110329019  1110329020  1110329021
  1110329022  1110329023  1110329024  1110329025  1110329026  1110329027  1110329028  1110329029  1110329030  1110329031
  1110329032  1110329033  1110329034  1110329035  1110329036  1110329037  1110329038  1110404001  1110404002  1110404003
  1110405001  1110405002  1110405003  1110405004  1110405005  1110405006  1110405007  1110405008  1110405009  1110405010
  1110405011  1110405012  1110405013  1110405014  1110405015  1110405016  1110405017  1110405018  1110405019  1110405020
  1110405021  1110405022  1110405023  1110405024  1110405025  1110405026  1110406001  1110406002  1110406003  1110406004
  1110406005  1110406006  1110406007  1110406008  1110406009  1110406010  1110406011  1110406012  1110406013  1110406014
  1110406015  1110406016  1110406017  1110406018  1110406019  1110406020  1110406021  1110406022  1110406023  1110406024
  1110406025  1110406026  1110406027  1110406028  1110406029  1110406030  1110406031  1110406032  1110406033  1110406034
  1110406035  1110406036  1110406037  1110406038  1110406039  1110720003  1111031001  1111031002  1111031003  1111103001
  1111103002  1111103003  1111103004  1111103005  1111103006  1111103007  1111103008  1111103009  1111103010  1111103011
  1111104001  1111104002  1111104003  1111104004  1111104005  1111104006  1111104007  1111104008  1111104009  1111104010
  1111104011  1111117001  1111117002  1111117003  1111117004  1111117005  1111117006  1111117007  1111117008  1111117009
  1111118001  1111118002  1111118003  1111118004  1111118005  1111118006  1111118007  1111118008  1111118009  1111118010
  1111118011  1111118012  1111118013  1111118014  1111118015  1111118016  1111118017  1111118018  1111118019  1111118020
  1111118021  1111118022  1111118023  1111118024  1111118025  1111118026  1111118027  1111118028  1111118029  1111118030
  1111118031  1111118032  1111121001  1111121002  1111121003  1111121004  1111121005  1111121006  1111121007  1111121008
  1111121009  1111122001  1111122002  1111122003  1111122004  1111122005  1111122006  1111122007  1111122008  1111122009
  1111122010  1111122011  1111122012  1111122013  1111122014  1111122015  1111122016  1111122017  1111122018  1111122019
  1111122020  1111122021  1111122022  1111122023  1111122024  1111122025  1111122026  1111122027  1111122028  1111122029
  1111122030  1111122031  1111122032  1111123001  1111123002  1111123003  1111123004  1111123005  1111123006  1111123007
  1111123008  1111123009  1111123010  1111123011  1111123012  1111123013  1111123014  1111123015  1111123016  1111123017
  1111123018  1111123019  1111123020  1111123021  1111123022  1111123023  1111123024  1111123025  1111123026  1111123027
  1111123028  1111123029  1111123030  1111123031  1111123032  1111123033  1111129003  1111129004  1111129005  1111129006
  1111129007  1111129008  1111129009  1111129010  1111129011  1111129012  1111129013  1111129014  1111129015  1111129016
  1111129017  1111129018  1111129019  1111129020  1111129021  1111129022  1111129023  1111129024  1111129025  1111129026
  1111129027  1111129028  1111129029  1111129030  1111129031  1111129032  1111130001  1111130002  1111130003  1111130004
  1111130005  1111130006  1111130007  1111130008  1111130009  1111130010  1111130011  1111130012  1111130013  1111130014
  1111130015  1111130016  1111130017  1111130018  1111130019  1111130020  1111130021  1111130022  1111130023  1111130025
  1111130026  1111130027  1111130028  1111130029  1111130030  1111130031  1111130032  1111130033  1111130034  1111130035
  1111130036  1111201001  1111201002  1111201003  1111201004  1111201005  1111201006  1111201007  1111201008  1111201009
  1111201010  1111201011  1111201012  1111201013  1111201014  1111201015  1111201016  1111201017  1111201018  1111201019
  1111201020  1111201021  1111201022  1111201023  1111201024  1111201025  1111201026  1111201027  1111201028  1111201029
  1111201030  1111201031  1111202001  1111202002  1111202003  1111202004  1111202005  1111202006  1111202007  1111202008
  1111202009  1111202010  1111202011  1111202012  1111202013  1111202014  1111202015  1111202016  1111202017  1111202018
  1111202019  1111202020  1111202021  1111202022  1111202023  1111202024  1111202025  1111202026  1111202027  1111202028
  1111202029  1111202030  1111202031  1111202032  1111202033  1111206001  1111206002  1111206003  1111206004  1111206005
  1111206006  1111206007  1111206008  1111206009  1111206010  1111206011  1111206012  1111206013  1111206014  1111206015
  1111206016  1111206017  1111206018  1111206019  1111206020  1111206021  1111206022  1111206023  1111206024  1111206025
  1111206026  1111206027  1111206028  1111206029  1111206030  1111206031  1111206032  1111206033  1111206034  1111207001
  1111207002  1111207003  1111207004  1111207005  1111207006  1111207007  1111207008  1111207009  1111207010  1111207011
  1111207012  1111207013  1111207014  1111207015  1111207016  1111207017  1111207018  1111207019  1111207020  1111207021
  1111207022  1111207023  1111207024  1111207025  1111207026  1111207027  1111208001  1111208002  1111208003  1111208004
  1111208005  1111208006  1111208007  1111208008  1111208009  1111208010  1111208011  1111208012  1111208013  1111208014
  1111208015  1111208016  1111208017  1111208018  1111208019  1111208020  1111208021  1111208022  1111208023  1111208024
  1111208025  1111208026  1111208027  1111208028  1111208029  1111208030  1111208031  1111208032  1111208033  1111208034
  1111209001  1111209002  1111209003  1111209004  1111209005  1111209006  1111209007  1111209008  1111209009  1111209010
  1111209011  1111209012  1111209013  1111209014  1111215001  1111215002  1111215003  1111215004  1111215005  1111215006
  1111215007  1111215008  1111215009  1111215010  1111215011  1111215012  1111215013  1111215014  1111215015  1111215016
  1111215017  1111215018  1111215019  1111215020  1111215021  1111215022  1111215023  1111215024  1111215025  1111215026
  1111215027  1111215028  1111215029  1111215030  1111215031  1111215032  1111215033  1111215034  1111216001  1111216002
  1111216003  1111216004  1111216005  1111216006  1111216007  1111216008  1111216009  1111216010  1111216011  1111216012
  1111216013  1111216014  1111216015  1111216016  1111216017  1111216018  1111216019  1111216020  1111216021  1111216022
  1111216023  1111216024  1111216025  1111216026  1111216027  1111216028  1111216029  1111216030  1111216031  1111216032
  1111216033  1111216034  1120104001  1120104002  1120104003  1120104004  1120104005  1120104006  1120104007  1120104008
  1120104009  1120104010  1120104011  1120104012  1120104013  1120104014  1120104015  1120104016  1120104017  1120104018
  1120104019  1120104020  1120104021  1120104022  1120104023  1120104024  1120104025  1120104026  1120104027  1120104028
  1120104029  1120104030  1120104031  1120104032  1120104033  1120104034  1120104035  1120104036  1120105001  1120105002
  1120105003  1120105004  1120105005  1120105006  1120105007  1120105008  1120105009  1120105010  1120105011  1120105012
  1120105013  1120105014  1120105015  1120105016  1120105017  1120105018  1120105019  1120105020  1120105021  1120105022
  1120105023  1120105024  1120105025  1120105026  1120105027  1120105028  1120105029  1120105030  1120105031  1120105032
  1120105033  1120105034  1120106003  1120106004  1120106005  1120106006  1120106007  1120106008  1120106009  1120106010
  1120106011  1120106012  1120106013  1120106014  1120106015  1120106016  1120106017  1120106018  1120106019  1120106020
  1120106021  1120106022  1120106023  1120106024  1120106025  1120106026  1120106027  1120106028  1120106029  1120106030
  1120106031  1120106032  1120106033  1120113001  1120113002  1120113003  1120113004  1120113005  1120113006  1120113007
  1120113008  1120113009  1120113010  1120113011  1120113012  1120113013  1120113014  1120113015  1120113016  1120113017
  1120113018  1120113019  1120113020  1120117001  1120117002  1120117003  1120117004  1120117005  1120117006  1120117007
  1120117008  1120117009  1120117010  1120117011  1120117012  1120117013  1120117014  1120117015  1120117016  1120117017
  1120117018  1120117019  1120117020  1120117021  1120117022  1120117023  1120117024  1120117025  1120117026  1120117027
  1120117028  1120117029  1120117030  1120117031  1120118001  1120118002  1120118003  1120118004  1120118005  1120118006
  1120118007  1120118008  1120118009  1120118010  1120118011  1120118012  1120118013  1120118014  1120118015  1120118016
  1120118017  1120118018  1120118019  1120118020  1120118021  1120118022  1120118023  1120118024  1120118025  1120118026
  1120118027  1120118028  1120118029  1120118030  1120118031  1120118032  1120119001  1120119002  1120119003  1120119004
  1120119005  1120119006  1120119007  1120119008  1120119009  1120119010  1120119011  1120119012  1120119013  1120119014
  1120119015  1120119016  1120119017  1120124001  1120124002  1120124003  1120124004  1120124005  1120124006  1120124007
  1120124008  1120124009  1120124010  1120125001  1120125002  1120125003  1120125004  1120125005  1120125006  1120125007
  1120125008  1120125009  1120125010  1120125011  1120125012  1120125013  1120125014  1120125015  1120125016  1120125017
  1120125018  1120125019  1120125020  1120125021  1120125022  1120125023  1120125024  1120125025  1120125026  1120125027
  1120125028  1120125029  1120125030  1120125031  1120125032  1120125033  1120125034  1120125035  1120127001  1120127002
  1120127003  1120127004  1120127005  1120127006  1120127007  1120127008  1120127009  1120127010  1120127011  1120127012
  1120127013  1120127014  1120127015  1120127016  1120127017  1120127018  1120127019  1120127020  1120127021  1120127022
  1120127023  1120127024  1120127025  1120127026  1120131001  1120131002  1120131003  1120131004  1120131005  1120131006
  1120131007  1120131008  1120131009  1120131010  1120131011  1120131012  1120131013  1120131014  1120131015  1120131016
  1120131017  1120131018  1120131019  1120131020  1120131021  1120131022  1120131023  1120131024  1120131025  1120131026
  1120131027  1120131028  1120131029  1120131030  1120131031  1120131032  1120131033  1120131034  1120131035  1120202001
  1120202002  1120202003  1120202004  1120202005  1120202006  1120202007  1120202008  1120202009  1120202010  1120202011
  1120202012  1120202013  1120202014  1120202015  1120202016  1120202017  1120202018  1120202019  1120202020  1120202021
  1120202022  1120202023  1120203001  1120203002  1120203003  1120203004  1120203005  1120203006  1120203007  1120203008
  1120203009  1120203010  1120203011  1120203012  1120203013  1120203014  1120203015  1120203016  1120203017  1120203018
  1120203019  1120203020  1120203021  1120203022  1120203023  1120203024  1120203025  1120203026  1120203027  1120203028
  1120203029  1120203030  1120203031  1120203032  1120203033  1120203034  1120203035  1120203036  1120207001  1120207002
  1120207003  1120207004  1120207005  1120207006  1120207007  1120207008  1120207009  1120207010  1120207011  1120207012
  1120207013  1120207014  1120207015  1120207016  1120207017  1120207018  1120207019  1120207020  1120207021  1120207022
  1120207023  1120207024  1120207025  1120207026  1120207027  1120207028  1120207029  1120207030  1120207031  1120207032
  1120208001  1120208002  1120208003  1120208004  1120208005  1120208006  1120208007  1120208008  1120208009  1120208010
  1120208011  1120208012  1120208013  1120208014  1120208015  1120208016  1120208017  1120208018  1120208019  1120208020
  1120208021  1120208022  1120208023  1120208024  1120208025  1120208026  1120208027  1120208028  1120208029  1120209001
  1120209002  1120209003  1120209004  1120209005  1120209006  1120209007  1120209008  1120209009  1120209010  1120209011
  1120209012  1120209013  1120210001  1120210002  1120210003  1120210004  1120210005  1120210006  1120210007  1120210008
  1120210009  1120210010  1120210011  1120210012  1120210013  1120210014  1120210015  1120210016  1120210017  1120210018
  1120210019  1120210020  1120210021  1120210022  1120210023  1120210024  1120210025  1120210026  1120210027  1120210028
  1120210029  1120210030  1120210031  1120210032  1120210033  1120213001  1120213002  1120213003  1120213004  1120213005
  1120213006  1120213007  1120213008  1120213009  1120213010  1120213011  1120213012  1120213013  1120213014  1120213015
  1120213016  1120213017  1120213018  1120214001  1120214002  1120214003  1120214004  1120214005  1120214006  1120214007
  1120214008  1120214009  1120214010  1120214011  1120214012  1120214013  1120214014  1120214015  1120214016  1120214017
  1120214018  1120214019  1120214020  1120214021  1120214022  1120214023  1120214024  1120214025  1120214026  1120214027
  1120214028  1120214029  1120214030  1120214031  1120214032  1120215001  1120215002  1120215003  1120215004  1120215005
  1120215006  1120215007  1120215008  1120215009  1120215010  1120215011  1120215012  1120215013  1120215014  1120215015
  1120215016  1120215017  1120215018  1120215019  1120215020  1120215021  1120215022  1120215023  1120215024  1120215025
  1120215026  1120216001  1120216002  1120216003  1120216004  1120216005  1120216006  1120216007  1120216008  1120216009
  1120216010  1120216011  1120216012  1120216013  1120216014  1120216015  1120216016  1120216017  1120216018  1120216019
  1120216020  1120216021  1120216022  1120216023  1120216024  1120216025  1120216026  1120216027  1120216028  1120216029
  1120216030  1120216031  1120217001  1120217002  1120217003  1120217004  1120217005  1120217006  1120217007  1120217008
  1120217009  1120217010  1120217011  1120217012  1120217013  1120217014  1120217015  1120217016  1120217017  1120217018
  1120217019  1120217020  1120217021  1120217022  1120217023  1120217024  1120217025  1120217026  1120217027  1120217028
  1120221001  1120221002  1120221003  1120221004  1120221005  1120221006  1120221007  1120221008  1120221009  1120221010
  1120221011  1120221012  1120221013  1120221014  1120221015  1120221016  1120221017  1120221018  1120221019  1120221020
  1120221021  1120221022  1120221023  1120221024  1120221025  1120221026  1120221027  1120221028  1120221029  1120221030
  1120221031  1120221032  1120221033  1120221034  1120222001  1120222002  1120222003  1120222004  1120222005  1120222006
  1120222007  1120222008  1120222009  1120222010  1120222011  1120222012  1120222013  1120222014  1120222015  1120222016
  1120222017  1120222018  1120222019  1120222020  1120222021  1120222022  1120222023  1120222024  1120222025  1120222026
  1120222027  1120223001  1120223002  1120223003  1120223004  1120223005  1120223006  1120223007  1120223008  1120223009
  1120223010  1120223011  1120223012  1120223013  1120223014  1120223015  1120223016  1120223017  1120223018  1120223019
  1120223020  1120223021  1120223022  1120223023  1120223024  1120223025  1120223026  1120223027  1120223028  1120223029
  1120223030  1120223031  1120223032  1120223033  1120223034  1120224001  1120224002  1120224003  1120224004  1120224005
  1120224006  1120224007  1120224008  1120224009  1120224010  1120224011  1120224012  1120224013  1120224014  1120224015
  1120224016  1120224017  1120224018  1120224019  1120224020  1120224021  1120224022  1120224023  1120224024  1120224025
  1120224026  1120224027  1120224028  1120224029  1120224030  1120224031  1120224032  1120224033  1120224034  1120417001
  1120417002  1120425001  1120425002  1120425003  1120425004  1120426001  1120426002  1120426003  1120426004  1120426005
  1120426006  1120426007  1120426008  1120426009  1120426010  1120426011  1120426012  1120426013  1120426014  1120426015
  1120426016  1120426017  1120426018  1120426019  1120426020  1120427001  1120427002  1120427003  1120427004  1120427005
  1120427006  1120427007  1120427008  1120427009  1120427010  1120427011  1120427012  1120427013  1120427014  1120427015
  1120427016  1120427017  1120427018  1120427019  1120427020  1120427021  1120427022  1120427023  1120427024  1120427025
  1120427026  1120427027  1120427028  1120427029  1120427030  1120427031  1120427032  1120427033  1120501001  1120501002
  1120501003  1120501004  1120501005  1120501006  1120501007  1120501008  1120501009  1120501010  1120501011  1120501012
  1120501013  1120501014  1120501015  1120501016  1120501017  1120501018  1120501019  1120501020  1120501021  1120501022
  1120501023  1120501024  1120501025  1120501026  1120501027  1120501028  1120501029  1120501030  1120501031  1120501032
  1120501033  1120501034  1120502001  1120502002  1120502003  1120502004  1120502005  1120502006  1120502007  1120502008
  1120502009  1120502010  1120502011  1120502012  1120502013  1120502014  1120502015  1120502016  1120502017  1120502018
  1120502019  1120502020  1120502021  1120502022  1120502023  1120502024  1120502025  1120502026  1120503001  1120503002
  1120503003  1120503004  1120503005  1120503006  1120503007  1120503008  1120503009  1120503010  1120503011  1120503012
  1120503013  1120503014  1120503015  1120503016  1120503017  1120503018  1120503019  1120503020  1120503021  1120503022
  1120503023  1120503024  1120503025  1120503026  1120503027  1120503028  1120503029  1120503030  1120508001  1120508002
  1120508003  1120508004  1120508005  1120508006  1120508007  1120508008  1120508009  1120508010  1120508011  1120508012
  1120508013  1120508014  1120508015  1120508016  1120508017  1120508018  1120508019  1120508020  1120508021  1120508022
  1120508023  1120508024  1120508025  1120508026  1120508027  1120508028  1120508029  1120508030  1120508031  1120508032
  1120508033  1120509001  1120509002  1120509003  1120509004  1120509005  1120509006  1120509008  1120509009  1120509010
  1120509011  1120509012  1120509013  1120509014  1120509015  1120509016  1120509017  1120509018  1120509019  1120509020
  1120509021  1120509022  1120509023  1120509024  1120509025  1120509026  1120509027  1120509028  1120509029  1120509030
  1120509031  1120509032  1120509033  1120510001  1120510002  1120510003  1120510004  1120510005  1120510006  1120510007
  1120510008  1120510009  1120510010  1120510011  1120510012  1120510013  1120510014  1120510015  1120510016  1120510017
  1120510018  1120510019  1120510020  1120510021  1120510022  1120510023  1120510024  1120510025  1120510026  1120510027
  1120510028  1120510029  1120510030  1120514001  1120514002  1120514003  1120514004  1120514005  1120514006  1120514007
  1120514008  1120514009  1120514010  1120514011  1120514012  1120514013  1120514014  1120514015  1120516001  1120516002
  1120516003  1120516004  1120516005  1120516006  1120516007  1120516008  1120516009  1120516010  1120516011  1120516012
  1120516013  1120516014  1120516015  1120516016  1120516017  1120516018  1120516019  1120516020  1120516021  1120516022
  1120516023  1120517001  1120517002  1120517003  1120517004  1120517005  1120517006  1120517007  1120517008  1120517009
  1120517010  1120517011  1120517012  1120517013  1120517014  1120517015  1120517016  1120517017  1120517018  1120517019
  1120517020  1120517021  1120517022  1120517023  1120517024  1120517025  1120517026  1120517027  1120517028  1120517029
  1120517030  1120517031  1120517032  1120517033  1120518001  1120518002  1120518003  1120518004  1120518005  1120518006
  1120518007  1120518008  1120518009  1120518010  1120518011  1120518012  1120518013  1120518014  1120518015  1120518016
  1120518017  1120518018  1120518019  1120518020  1120518021  1120518022  1120518023  1120518024  1120518025  1120518026
  1120522001  1120522002  1120522003  1120522004  1120522005  1120522006  1120522007  1120522008  1120522009  1120522010
  1120522011  1120522012  1120522013  1120522014  1120522015  1120522016  1120522017  1120522018  1120522019  1120522020
  1120522021  1120522022  1120522023  1120522024  1120522025  1120522026  1120522027  1120522028  1120522029  1120522030
  1120522031  1120523001  1120523002  1120523003  1120523004  1120523005  1120523006  1120523007  1120523008  1120523009
  1120523010  1120523011  1120523012  1120523013  1120523014  1120523015  1120523016  1120523017  1120523018  1120523019
  1120523020  1120523021  1120523022  1120523023  1120523024  1120523025  1120523026  1120523027  1120523028  1120523029
  1120523030  1120523031  1120523032  1120523033  1120523034  1120524001  1120524002  1120524003  1120524004  1120524005
  1120524006  1120529001  1120529002  1120530001  1120530002  1120530003  1120530004  1120530005  1120530006  1120530007
  1120530008  1120530009  1120530010  1120530011  1120530012  1120530013  1120530014  1120530015  1120530016  1120530017
  1120530018  1120530019  1120530020  1120530021  1120530022  1120530023  1120530024  1120530025  1120530026  1120530027
  1120530028  1120530029  1120530030  1120531001  1120531002  1120531003  1120531004  1120531005  1120531006  1120531007
  1120531008  1120531009  1120531010  1120531011  1120531012  1120531013  1120531014  1120531015  1120531016  1120531017
  1120531018  1120531019  1120531020  1120531021  1120531022  1120531023  1120531024  1120531025  1120531026  1120531027
  1120531028  1120531029  1120531030  1120531031  1120531032  1120531033  1120531034  1120601001  1120601002  1120601003
  1120601004  1120601005  1120601006  1120601007  1120601008  1120601009  1120601010  1120601011  1120601012  1120601013
  1120601014  1120601015  1120601016  1120601017  1120601018  1120601019  1120601020  1120601021  1120601022  1120601023
  1120601024  1120601025  1120601026  1120601027  1120601028  1120601029  1120601030  1120604001  1120604002  1120604003
  1120604004  1120604005  1120604006  1120604007  1120604008  1120604009  1120604010  1120604011  1120604012  1120605001
  1120605002  1120605003  1120605004  1120605005  1120605006  1120605007  1120605008  1120605009  1120605010  1120605011
  1120605012  1120605013  1120605014  1120605015  1120605016  1120605017  1120605018  1120605019  1120605020  1120605021
  1120605022  1120605023  1120605024  1120605025  1120606001  1120606002  1120606003  1120606004  1120606005  1120606006
  1120606007  1120606008  1120606009  1120606010  1120606011  1120606012  1120606013  1120606014  1120606015  1120606016
  1120606017  1120606018  1120606019  1120606020  1120606021  1120606022  1120606023  1120606024  1120606025  1120606026
  1120606027  1120606028  1120606029  1120606030  1120606031  1120606032  1120606033  1120607001  1120607002  1120607003
  1120607004  1120607005  1120607006  1120607007  1120607008  1120607009  1120607010  1120607011  1120607012  1120607013
  1120607014  1120607015  1120607016  1120607017  1120607018  1120608001  1120608002  1120608003  1120608004  1120608005
  1120608006  1120608007  1120608008  1120608009  1120608010  1120608011  1120608012  1120608013  1120608014  1120608015
  1120608016  1120608017  1120608018  1120608019  1120608020  1120608021  1120608022  1120608023  1120608024  1120612001
  1120612002  1120612003  1120612004  1120612005  1120612006  1120612007  1120612008  1120612009  1120612010  1120612011
  1120612012  1120612013  1120612014  1120612015  1120612016  1120612017  1120612018  1120612019  1120612020  1120612021
  1120612022  1120612023  1120612024  1120612025  1120612026  1120612027  1120612028  1120612029  1120613001  1120613002
  1120613003  1120613004  1120613005  1120613006  1120613007  1120613008  1120613009  1120613010  1120613011  1120613012
  1120613013  1120613014  1120613015  1120613016  1120613017  1120613018  1120613019  1120613020  1120613021  1120613022
  1120613023  1120613024  1120613025  1120613026  1120613027  1120613028  1120613029  1120613030  1120613031  1120613032
  1120613033  1120613034  1120614001  1120614002  1120614003  1120614004  1120614005  1120614006  1120614007  1120614008
  1120614009  1120614010  1120614011  1120614012  1120614013  1120614014  1120614015  1120614016  1120614017  1120614018
  1120614019  1120614020  1120614021  1120614022  1120614023  1120614024  1120614025  1120614026  1120614027  1120614028
  1120614029  1120615001  1120615002  1120615003  1120615004  1120615005  1120615006  1120615007  1120615008  1120615009
  1120615010  1120615011  1120615012  1120615013  1120615014  1120615015  1120615016  1120615017  1120615018  1120615019
  1120615020  1120615021  1120615022  1120615023  1120615024  1120615025  1120615026  1120615027  1120615028  1120615029
  1120618001  1120618002  1120618003  1120618004  1120618005  1120618006  1120618007  1120619001  1120619002  1120619003
  1120619004  1120619005  1120619006  1120619007  1120619008  1120619009  1120619010  1120619011  1120619012  1120619013
  1120619014  1120619015  1120619016  1120619017  1120619018  1120619019  1120619020  1120619021  1120619022  1120619023
  1120619024  1120619025  1120619026  1120619027  1120619028  1120620001  1120620002  1120620003  1120620004  1120620005
  1120620006  1120620007  1120620008  1120620009  1120620010  1120620011  1120620012  1120620013  1120620014  1120620015
  1120620016  1120620017  1120620018  1120620019  1120620020  1120620021  1120620022  1120620023  1120620024  1120620025
  1120620026  1120620027  1120620028  1120620029  1120620030  1120621001  1120621002  1120621003  1120621004  1120621005
  1120621006  1120621007  1120621008  1120621009  1120621010  1120621011  1120621012  1120621013  1120621014  1120621015
  1120621016  1120621017  1120621018  1120621019  1120621020  1120621021  1120621022  1120621023  1120621024  1120621025
  1120621026  1120621027  1120621028  1120621029  1120621030  1120621031  1120621032  1120621033  1120621034  1120621035
  1120621036  1120621037  1120621038  1120622001  1120622002  1120622003  1120622004  1120622005  1120622006  1120622007
  1120622008  1120622009  1120622010  1120622011  1120622012  1120622013  1120622014  1120622015  1120622016  1120622017
  1120622018  1120622019  1120622020  1120622021  1120622022  1120622023  1120622024  1120622025  1120622026  1120622027
  1120626001  1120626002  1120626003  1120626004  1120626005  1120626006  1120626007  1120626008  1120626009  1120626010
  1120626011  1120626012  1120626013  1120626014  1120626015  1120626016  1120626017  1120626018  1120626019  1120626020
  1120626021  1120626022  1120626023  1120626024  1120626025  1120626026  1120626027  1120626028  1120626029  1120626030
  1120626031  1120626032  1120627001  1120627002  1120627003  1120627004  1120627005  1120627006  1120627007  1120627008
  1120627009  1120627010  1120627011  1120627012  1120627013  1120627014  1120627015  1120627016  1120627017  1120627018
  1120627019  1120627020  1120627021  1120627022  1120629001  1120629002  1120629003  1120629004  1120629005  1120629006
  1120629007  1120629008  1120629009  1120629010  1120629011  1120629012  1120629013  1120629014  1120629015  1120629016
  1120629017  1120629018  1120703001  1120703002  1120703003  1120703004  1120703005  1120703006  1120703007  1120703008
  1120703009  1120703010  1120703011  1120703012  1120703013  1120703014  1120703015  1120703016  1120703017  1120703018
  1120703019  1120703020  1120705001  1120705002  1120705003  1120705004  1120705005  1120705006  1120705007  1120705008
  1120705009  1120705010  1120705011  1120705012  1120705013  1120705014  1120705015  1120705016  1120705017  1120705018
  1120705019  1120705020  1120705021  1120705022  1120705023  1120705024  1120705025  1120705026  1120705027  1120706001
  1120706002  1120706003  1120706004  1120706005  1120706006  1120706007  1120706008  1120706009  1120706010  1120706011
  1120706012  1120706013  1120706014  1120706015  1120706016  1120706017  1120706018  1120706019  1120706020  1120706021
  1120706022  1120706023  1120706024  1120706025  1120706026  1120706027  1120706028  1120706029  1120706030  1120706031
  1120706032  1120706033  1120709001  1120709002  1120709003  1120709004  1120709005  1120710001  1120710002  1120710003
  1120710004  1120710005  1120710006  1120710007  1120710008  1120710009  1120710010  1120710011  1120710012  1120710013
  1120710014  1120710015  1120710016  1120710017  1120710018  1120710019  1120710020  1120710021  1120710022  1120710023
  1120710024  1120710025  1120710026  1120710027  1120710028  1120710029  1120711001  1120711002  1120711003  1120711004
  1120711005  1120711006  1120711007  1120711008  1120711009  1120711010  1120711011  1120711012  1120711013  1120711014
  1120711015  1120711016  1120711017  1120711018  1120711019  1120711020  1120711021  1120711022  1120711023  1120711024
  1120711025  1120711026  1120711027  1120711028  1120711029  1120711030  1120712001  1120712002  1120712003  1120712004
  1120712005  1120712006  1120712007  1120712008  1120712009  1120712010  1120712011  1120712012  1120712013  1120712014
  1120712015  1120712016  1120712017  1120712018  1120712019  1120712020  1120712021  1120712022  1120712023  1120712024
  1120712025  1120712026  1120712027  1120712028  1120712029  1120713001  1120713002  1120713003  1120713004  1120713005
  1120713006  1120713007  1120713008  1120713009  1120713010  1120713011  1120713012  1120713013  1120713014  1120713015
  1120713016  1120713017  1120713018  1120713019  1120713020  1120713021  1120713022  1120713023  1120713024  1120713025
  1120713026  1120713027  1120713028  1120713029  1120713030  1120713031  1120716001  1120717001  1120717002  1120717003
  1120717004  1120717005  1120717006  1120717007  1120717008  1120717009  1120717010  1120717011  1120717012  1120717013
  1120717014  1120717015  1120717016  1120717017  1120717018  1120717019  1120717020  1120717021  1120718001  1120718002
  1120718003  1120718004  1120718005  1120718006  1120718007  1120718008  1120718009  1120718010  1120718011  1120718012
  1120718013  1120718014  1120718015  1120718016  1120718017  1120718018  1120718019  1120718020  1120718021  1120718022
  1120718023  1120718024  1120718025  1120718026  1120718027  1120719001  1120719002  1120719003  1120719004  1120719005
  1120719006  1120719007  1120719008  1120719009  1120719010  1120719011  1120719012  1120719013  1120719014  1120719015
  1120719016  1120719017  1120719018  1120719019  1120719020  1120719021  1120719022  1120719023  1120719024  1120719025
  1120719026  1120719027  1120719028  1120719029  1120719030  1120720001  1120720002  1120720003  1120720004  1120720005
  1120720006  1120720007  1120720008  1120720009  1120720010  1120720011  1120720012  1120720013  1120720014  1120720015
  1120720016  1120720017  1120720018  1120720019  1120720020  1120720021  1120720022  1120720023  1120720024  1120720025
  1120720026  1120723001  1120723002  1120723003  1120723004  1120724001  1120724002  1120724003  1120724004  1120724005
  1120724006  1120724007  1120724008  1120724009  1120724010  1120724011  1120724012  1120724013  1120724014  1120724015
  1120724016  1120724017  1120724018  1120724019  1120724020  1120724021  1120724022  1120724023  1120724024  1120724025
  1120724026  1120724027  1120724028  1120724029  1120725001  1120725002  1120725003  1120725004  1120725005  1120725006
  1120725007  1120725008  1120725009  1120725010  1120725011  1120725012  1120725013  1120725014  1120725015  1120725016
  1120725017  1120725018  1120725019  1120725020  1120725021  1120725022  1120725023  1120725024  1120725025  1120725026
  1120725027  1120725028  1120725029  1120726001  1120726002  1120726003  1120726004  1120726005  1120726006  1120726007
  1120726008  1120726009  1120726010  1120726011  1120726012  1120726013  1120726014  1120726015  1120726016  1120726017
  1120726018  1120726019  1120726020  1120726021  1120726022  1120726023  1120726024  1120726025  1120726026  1120726027
  1120726028  1120726029  1120726030  1120727001  1120727002  1120727003  1120727004  1120727005  1120727006  1120727007
  1120727008  1120727009  1120727010  1120727012  1120727013  1120727014  1120727015  1120727016  1120727017  1120727018
  1120727019  1120727020  1120727021  1120727022  1120727023  1120727024  1120727025  1120727026  1120727027  1120731001
  1120731002  1120731003  1120731004  1120731005  1120731006  1120731007  1120731008  1120731009  1120731010  1120731011
  1120731012  1120731013  1120731014  1120731015  1120731016  1120731017  1120731018  1120731019  1120731020  1120731021
  1120731022  1120731023  1120731024  1120731025  1120731026  1120731027  1120731028  1120801001  1120801002  1120801003
  1120801004  1120801005  1120801006  1120801007  1120801008  1120801009  1120801010  1120801011  1120801012  1120801013
  1120801014  1120801015  1120801016  1120801017  1120801018  1120801019  1120801020  1120801021  1120801022  1120801023
  1120801024  1120801025  1120801026  1120801027  1120801028  1120801029  1120801030  1120801031  1120801032  1120801033
  1120801034  1120801035  1120802001  1120802002  1120802003  1120802004  1120802005  1120802006  1120802007  1120802008
  1120802009  1120802010  1120802011  1120802012  1120802013  1120802014  1120802015  1120802016  1120802017  1120802018
  1120802019  1120802020  1120802021  1120802022  1120802023  1120802024  1120802025  1120802026  1120802027  1120802028
  1120802029  1120802030  1120803001  1120803002  1120803003  1120803004  1120803005  1120803006  1120803007  1120803008
  1120803009  1120803010  1120803011  1120803012  1120803013  1120803014  1120803015  1120806001  1120806002  1120807001
  1120807002  1120807003  1120807004  1120807005  1120807006  1120807007  1120807008  1120807009  1120807010  1120807011
  1120807012  1120807013  1120807014  1120807015  1120807016  1120807017  1120807018  1120807019  1120807020  1120807021
  1120807022  1120807023  1120807024  1120807025  1120807026  1120807027  1120807028  1120807029  1120807030  1120807031
  1120807032  1120807033  1120808001  1120808002  1120808003  1120808004  1120808005  1120808006  1120808007  1120808008
  1120808009  1120808010  1120808011  1120808012  1120808013  1120808014  1120808015  1120808016  1120808017  1120808018
  1120808019  1120808020  1120808021  1120808022  1120808023  1120808024  1120808025  1120808026  1120808027  1120808028
  1120808029  1120808030  1120808031  1120808032  1120808033  1120808034  1120809001  1120809002  1120809003  1120809004
  1120809005  1120809006  1120809007  1120809008  1120809009  1120809010  1120809011  1120809012  1120809013  1120809014
  1120809015  1120809016  1120809017  1120809018  1120809019  1120809020  1120809021  1120809022  1120809023  1120809024
  1120809025  1120809026  1120809027  1120809028  1120809029  1120809030  1120809031  1120810001  1120810002  1120810003
  1120810004  1120810005  1120810006  1120810007  1120810008  1120810009  1120810010  1120810011  1120810012  1120810013
  1120810014  1120810015  1120810016  1120810017  1120810018  1120810019  1120810020  1120810021  1120810022  1120810023
  1120810024  1120810025  1120810026  1120810027  1120810028  1120810029  1120810030  1120810031  1120810032  1120814001
  1120814002  1120814003  1120814004  1120814005  1120814006  1120814007  1120814008  1120814009  1120814010  1120814011
  1120814012  1120814013  1120814014  1120814015  1120814016  1120814017  1120814018  1120814019  1120814020  1120814021
  1120814022  1120814023  1120814024  1120814025  1120814026  1120814027  1120814028  1120814029  1120814030  1120814031
  1120814032  1120815001  1120815002  1120815003  1120815004  1120815005  1120815006  1120815007  1120815008  1120815009
  1120815010  1120815011  1120815012  1120815013  1120815014  1120815015  1120815016  1120815017  1120815018  1120815019
  1120815020  1120815021  1120815022  1120815023  1120815024  1120815025  1120815026  1120815027  1120815028  1120815029
  1120815030  1120815031  1120815032  1120815033  1120815034  1120816001  1120816002  1120816003  1120816004  1120816005
  1120816006  1120816007  1120816008  1120816009  1120816010  1120816011  1120816012  1120816013  1120816014  1120816015
  1120816016  1120816017  1120816018  1120816019  1120816020  1120816021  1120816022  1120816023  1120816024  1120820002
  1120820003  1120820004  1120820005  1120820006  1120820007  1120820008  1120820009  1120820010  1120820011  1120820012
  1120820013  1120820014  1120820015  1120820016  1120820017  1120820018  1120820019  1120820020  1120820021  1120820022
  1120820023  1120820024  1120820025  1120820026  1120820027  1120820028  1120820029  1120820030  1120821002  1120821003
  1120821004  1120821005  1120821006  1120821007  1120821008  1120821009  1120821010  1120821011  1120821012  1120821013
  1120821014  1120821015  1120821016  1120821017  1120821018  1120821019  1120821020  1120821021  1120821022  1120821023
  1120821024  1120821025  1120821026  1120821027  1120821028  1120821029  1120821030  1120821031  1120821032  1120822001
  1120822002  1120822003  1120822004  1120822005  1120822006  1120822007  1120822008  1120822009  1120822010  1120822011
  1120822012  1120822013  1120822014  1120822015  1120822016  1120822017  1120822018  1120822019  1120822020  1120822021
  1120822022  1120822023  1120822024  1120822025  1120822026  1120822027  1120822028  1120822029  1120822030  1120824001
  1120824002  1120824003  1120824004  1120824005  1120824006  1120824007  1120824008  1120824009  1120824010  1120824011
  1120824012  1120824013  1120824014  1120824015  1120824016  1120824017  1120824018  1120824019  1120824020  1120824021
  1120824022  1120824023  1120824024  1120824025  1120824026  1120824027  1120827001  1120827002  1120827003  1120827004
  1120827005  1120827006  1120827007  1120828001  1120828002  1120828003  1120828004  1120828005  1120828006  1120828007
  1120828008  1120828009  1120828010  1120828011  1120828012  1120828013  1120828014  1120828015  1120828016  1120828017
  1120828018  1120828019  1120828020  1120828021  1120828022  1120828023  1120828024  1120828025  1120828026  1120828027
  1120828028  1120828029  1120828030  1120828031  1120828032  1120828033  1120828034  1120828035  1120829001  1120829002
  1120829003  1120829004  1120829005  1120829006  1120829007  1120829008  1120829009  1120829010  1120829011  1120829012
  1120829013  1120829014  1120829015  1120829016  1120829017  1120829018  1120829019  1120829020  1120829021  1120829022
  1120829023  1120829024  1120829025  1120829026  1120830001  1120830002  1120830003  1120830004  1120830005  1120830006
  1120830007  1120830008  1120830009  1120830010  1120830011  1120830012  1120830013  1120830014  1120830015  1120830016
  1120830017  1120830018  1120830019  1120830020  1120830021  1120830022  1120830023  1120830024  1120830025  1120830026
  1120830027  1120830028  1120830029  1120830030  1120830031  1120830032  1120831001  1120831002  1120831003  1120831004
  1120831005  1120831006  1120831007  1120831008  1120831009  1120831010  1120831011  1120831012  1120831013  1120831014
  1120831015  1120831016  1120831017  1120831018  1120831019  1120831020  1120831021  1120831022  1120831023  1120831024
  1120831025  1120831026  1120831027  1120831028  1120831029  1120831030  1120831031  1120831032  1120904001  1120904002
  1120904003  1120904004  1120904005  1120904006  1120904007  1120904008  1120904009  1120904010  1120904011  1120904012
  1120904013  1120904014  1120904015  1120904016  1120904017  1120904018  1120904019  1120904020  1120904021  1120904022
  1120904023  1120904024  1120904025  1120904026  1120904027  1120904028  1120905001  1120905002  1120905003  1120905004
  1120905005  1120905006  1120905007  1120905008  1120905009  1120905010  1120905011  1120905012  1120905013  1120905014
  1120905015  1120905016  1120905017  1120905018  1120905019  1120905020  1120905021  1120906001  1120906002  1120906003
  1120906004  1120906005  1120906006  1120906007  1120906008  1120906009  1120906010  1120906011  1120906012  1120906013
  1120906014  1120906015  1120906016  1120906017  1120906018  1120906019  1120906020  1120906021  1120906022  1120906023
  1120906024  1120906025  1120906026  1120906027  1120906028  1120906029  1120906030  1120907001  1120907002  1120907003
  1120907004  1120907005  1120907006  1120907007  1120907008  1120907009  1120907010  1120907011  1120907012  1120907013
  1120907014  1120907015  1120907016  1120907017  1120907018  1120907019  1120907020  1120907021  1120907022  1120907023
  1120907024  1120907025  1120907026  1120907027  1120907028  1120907029  1120907030  1120907031  1120907032  1120907033
  1120907034  1120907035  1120907036  1120907037  1120910001  1120910002  1120910003  1120910004  1120910005  1120911001
  1120911002  1120911003  1120911004  1120911005  1120911006  1120911007  1120911008  1120911009  1120911010  1120911011
  1120911012  1120911013  1120911014  1120911015  1120911016  1120911017  1120911018  1120911019  1120911020  1120911021
  1120912001  1120912002  1120912003  1120912004  1120912005  1120912006  1120912007  1120912008  1120912009  1120912010
  1120912011  1120912012  1120912013  1120912014  1120912015  1120912016  1120912017  1120912018  1120912019  1120912020
  1120912021  1120912022  1120912023  1120912024  1120912025  1120912026  1120912027  1120912028  1120913002  1120913007
  1120913009  1120913010  1120913011  1120913012  1120913013  1120913014  1120913015  1120913016  1120913017  1120913018
  1120913019  1120913020  1120913021  1120913022  1120913023  1120913024  1120913025  1120913026  1120913027  1120913028
  1120913029  1120913030  1120913031  1120913032  1120913033  1120913034  1120913035  1120913036  1120913037  1120914001
  1120914002  1120914003  1120914004  1120914005  1120914006  1120914007  1120914008  1120914009  1120914010  1120914011
  1120914012  1120914013  1120914014  1120914015  1120914016  1120914017  1120914018  1120914019  1120914020  1120914021
  1120914022  1120914023  1120914024  1120914025  1120914026  1120914027  1120914028  1120914029  1120914030  1120914031
  1120914032  1120914033  1120914034  1120914035  1120914036  1120914037  1120917001  1120917002  1120917003  1120917004
  1120917005  1120917006  1120917007  1120917008  1120917009  1120917010  1120917011  1120917012  1120917013  1120917014
  1120917015  1120917016  1120917017  1120917018  1120917019  1120917020  1120917021  1120917022  1120917023  1120917024
  1120917025  1120917026  1120917027  1120917028  1120917029  1120917030  1120917031  1120917032  1120917033  1120918001
  1120918002  1120918003  1120918004  1120918005  1120918006  1120918007  1120918008  1120918009  1120918010  1120918011
  1120918012  1120918013  1120918014  1120918015  1120918016  1120918017  1120918018  1120918019  1120918020  1120918021
  1120918022  1120918023  1120918024  1120918025  1120918026  1120918027  1120918028  1120919001  1120919002  1120919003
  1120919004  1120919005  1120919006  1120919007  1120919008  1120919009  1120919010  1120919011  1120919012  1120919013
  1120919014  1120919015  1120919016  1120919017  1120919018  1120919019  1120919020  1120919021  1120919022  1120919023
  1120920001  1120920002  1120920003  1120920004  1120920005  1120920006  1120920007  1120920008  1120920009  1120920010
  1120920011  1120920012  1120920013  1120920014  1120920015  1120920016  1120920017  1120920018  1120920019  1120920020
  1120920021  1120920022  1120920023  1120920024  1120920025  1120920026  1120920027  1120920028  1120920029  1120920030
  1120920031  1120921001  1120921002  1120921003  1120921004  1120921005  1120921006  1120921007  1120921008  1120921009
  1120921010  1120921011  1120921012  1120921013  1120921014  1120921015  1120921016  1120921017  1120921018  1120921019
  1120921020  1120921021  1120921022  1120921023  1120921024  1120921025  1120921026  1120921027  1120921028  1120921029
  1120921030  1120921031  1120921032  1120921033  1120921034  1120921035  1120926001  1120926002  1120926003  1120926004
  1120926005  1120926006  1120926007  1120926008  1120926009  1120926010  1120926011  1120926012  1120926013  1120926014
  1120926015  1120926016  1120926017  1120926018  1120926019  1120926020  1120926021  1120926022  1120926023  1120926024
  1120926025  1120926026  1120926027  1120926028  1120926029  1120926030  1120926031  1120926032  1120926033  1120926034
  1120927001  1120927002  1120927003  1120927004  1120927005  1120927006  1120927007  1120927008  1120927009  1120927010
  1120927011  1120927012  1120927013  1120927014  1120927015  1120927016  1120927017  1120927018  1120927019  1120927020
  1120927021  1120927022  1120927023  1120927024  1120927025  1120927026  1120927027  1120927028  1120927029  1120927030
  1120927031  1120927032  1120927033  1120927034  1120927035  1121001001  1121001002  1121001003  1121001004  1121001005
  1121001006  1121001007  1121001008  1121001009  1121001010  1121001011  1121001012  1121001013  1121001014  1121001015
  1121001016  1121001017  1121001018  1121001019  1121001020  1121001021  1121001022  1121001023  1121001024  1121001025
  1121001026  1121001027  1121001028  1121001029  1121001030  1121001031  1121001032  1121001033  1121002001  1121002002
  1121002003  1121002004  1121002005  1121002006  1121002007  1121002008  1121002009  1121002010  1121002011  1121002012
  1121002013  1121002014  1121002015  1121002016  1121002017  1121002018  1121002019  1121002020  1121002021  1121002022
  1121002023  1121002024  1121002025  1121002026  1121002027  1121002028  1121002029  1121002030  1121002031  1121002032
  1121002033  1121003001  1121003002  1121003003  1121003004  1121003005  1121003006  1121003007  1121003008  1121003009
