Runs from 2012
1120502020
1120605025
1120614002
1120614005
1120614006
1120614007
1120614009
1120614012
1120621009
1120621010
1120621013
1120621014
1120621016
1120621017
1120621018
1120621019
1120629008
1120629009
1120629010
1120629011
1120703007
1120703009
1120703011
1120703015
1120703016
1120703018
1120703020
1120705001
1120705002
1120705003
1120705004
1120705005
1120705007
1120705010
1120705011
1120705015
1120705021
1120705026
1120711025
1120711027
1120712011
1120712013
1120712016
1120712018
1120712019
1120712020
1120712021
1120712022
1120712023
1120712024
1120712025
1120712026
1120712027
1120712028
1120712029
1120713007
1120713016
1120713018
1120713019
1120713020
1120713021
1120713022
1120713024
1120713025
1120713028
1120713029
1120719017
1120719018
1120719019
1120719020
1120719021
1120719022
1120719023
1120719024
1120719025
1120719026
1120719027
1120719028
1120719030
1120720001
1120720002
1120720003
1120720004
1120720005
1120720006
1120720007
1120720009
1120720010
1120720011
1120720012
1120725005
1120725007
1120727026
1120731011
1120731018
1120731019
1120731020
1120802007
1120802008
1120802015
1120802016
1120802018
1120802025
1120802026
1120802029
1120803012
1120803013
1120803014
1120807019
1120807021
1120807022
1120807023
1120807025
1120807026
1120807028
1120807029
1120807031
1120809024
1120810007
1120810011
1120810017
1120810021
1120810028
1120814004
1120814006
1120814007
1120814008
1120814009
1120814010
1120814011
1120814013
1120814014
1120814015
1120814016
1120814018
1120814019
1120814020
1120814021
1120814024
1120814025
1120814026
1120814027
1120814028
1120814029
1120814030
1120814031
1120814032
1120816018
1120821019
1120831020
1120831021
1120831022
1120831025
1120831026
1120831028
1120906028
1120921010
1120921011
1120921015
1120926003
1120926005
1120926006
1120926007
1120926008
1120926009
1120926010
1120926011
1120926012
1120926015
1120926016
1120926017
1120926018
1120926019
1121002026

Runs from 2011

1110104018
1110104019
1110104020
1110104024
1110104025
1110104027
1110104028
1110104029
1110104030
1110104031
1110104034
1110104035
1110104036
1110113019
1110113021
1110113023
1110113024
1110118013
1110119001
1110119007
1110119011
1110119016
1110119018
1110119019
1110119021
1110119031
1110119032
1110120014
1110120015
1110121002
1110121003
1110121007
1110121008
1110121011
1110121013
1110121014
1110121015
1110121017
1110121018
1110121019
1110121020
1110121021
1110121022
1110121023
1110121024
1110127004
1110201005
1110201006
1110201007
1110201009
1110201026
1110201027
1110201029
1110201030
1110216007
1110406009
1110406019
1110406020
1110406023
1110406034
1110406035
1111130001
1111201007
1111201008
1111201009
1111208014
1111208028

Runs from 2010

1100120002
1100120003
1100120004
1100121027
1100204003
1100204004
1100204005
1100204008
1100204014
1100204015
1100204016
1100204017
1100204018
1100204019
1100204020
1100204022
1100204023
1100204030
1100212011
1100212012
1100212013
1100212018
1100212021
1100212023
1100212027
1100223003
1100223004
1100223006
1100223007
1100223008
1100223009
1100223010
1100223011
1100223012
1100223013
1100223014
1100223016
1100223017
1100223018
1100223019
1100224001
1100224013
1100224014
1100224015
1100224016
1100224018
1100305026
1100310010
1100310011
1100310012
1100310014
1100310016
1100310019
1100322002
1100322004
1100323003
1100324003
1100324005
1100723022
1100727012
1100727013
1100727014
1100729009
1100729010
1100729011
1100730007
1100730016
1100803028
1100803029
1100803030
1100805022
1100811013
1100811018
1100811019
1100811020
1100812007
1100812009
1100812010
1100812011
1100812012
1100812013
1100812014
1100812015
1100812016
1100812017
1100812018
1100812019
1100812020
1100812021
1100812022
1100812023
1100812024
1100817009
1100819004
1100819005
1100819006
1100819007
1100819009
1100819010
1100819011
1100819012
1100819013
1100819014
1100819015
1100819016
1100819017
1100819018
1100819019
1100819020
1100819021
1100819022
1100819024
1100820031
1100824003
1100824005
1100824006
1100824007
1100824008
1100824009
1100824015
1100824016
1100824022
1100825006
1100826002
1100826003
1100826004
1100826009
1100826010
1100826011
1100826013
1100826015
1100826016
1100826017
1100826018
1100826019
1100826020
1100826021
1100826022
1100826023
1100826024
1100826029
1100826030
1100826031
1100826033
1100831017
1100831022
1100831025
1100903003
1100903005
1100903006
1100903008
1100903012
1100903019
1100903020
1100903023
1100903028
1100903029
1100903030
1100903031
1100908006
1100908024
1100909010
1101013013
1101015006
1101022006
1101022007
1101022009
1101022010
1101022011
1101022012
1101022013
1101022014
1101022015
1101022017
1101022019
1101022024
1101022025
1101022026
1101022031
1101103019
1101103020
1101103021
1101103022
1101103023
1101103024
1101103025
1101103026
1101203026
1101203028
1101203032
1101203033
1101208004
1101208030
1101209012
1101209013
1101209014
1101209017
1101209018
1101209019
1101209020
1101209022
1101209026
1101209027
1101209028
1101209029
1101209031
1101215003
1101215005
1101215006
1101215010
1101215011
1101215012
1101215013
1101215014
1101215015
1101215019
1101215021
1101215027
1101216003
1101216004
1101216005
1101216006
1101216007
1101216017
1101216018
1101216019
1101221007
1101221008
1101221010
1101221011
1101221012
1101221014
1101221016
1101221020
1101221021
1101221026
1101221027
1101221030
1101222002

Runs from 2009
1090626010
1090626017
1090626021
1090626023
1090626026
1090626028
1090626030
1090630015
1090630023
1090701010
1090701029
1090714013
1090714014
1090717003
1090723014
1090824027
1090828001
1090828002
1090828003
1090828004
1090828005
1090828006
1090828007
1090828008
1090828009
1090828012
1090828016
1090828023
1090901001
1090901003
1090901004
1090901005
1090901006
1090901007
1090901008
1090901017
1090901019
1090901020
1090901021
1090901024
1090902010
1090910016
1090910017
1090910021
1090924006
1090925003
1090925004
1090925006
1090925007
1090925009
1090925010
1090925011
1090925013
1090925014
1090925015
1090925017
1090925018
1090925019
1090925020
1090925021
1090925022
1090925023
1090925024
1090925025
1090925026
1090925028
1090925029
1090925031
1090925032
1091008004
1091008005
1091014006
1091014008
1091014011
1091014012
1091014013
1091014014
1091014015
1091014016
1091014017
1091014018
1091014019
1091014020
1091014023
1091014024
1091014032
1091014033
1091109025
1091110014
1091110015
1091110021
1091110023
1091112003
1091112004
1091112005
1091112006
1091112018
1091112019
1091112020
1091112021
1091112022
1091112033
1091113029
1091113030
1091113031
1091113032
1091113033
1091118001
1091118002
1091118009
1091118018
1091119008
1091119015
1091123004
1091123008
1091123030
1091124023
1091124024
1091209001
1091209002
1091209003
1091209004
1091209005
1091209006
1091209007
1091209008
1091210013
1091210014
1091210015
1091210016
1091210017
1091210019
1091210021
1091210023
1091210024
1091210025
1091210026
1091210027
1091210028
1091210029
1091210030
1091210031
1091210033
1091216034
1091216035
1091217005

Runs from 2008

1080103011
1080103012
1080103013
1080103014
1080103015
1080103022
1080103023
1080103024
1080103026
1080103027
1080103028
1080103029
1080104001
1080104002
1080104003
1080104011
1080104014
1080104017
1080104022
1080104023
1080104026
1080104027
1080104028
1080104029
1080108003
1080108004
1080108005
1080108006
1080108007
1080108008
1080108009
1080108012
1080108013
1080108019
1080108020
1080108021
1080108022
1080108024
1080110012
1080110014
1080110015
1080110016
1080110019
1080110026
1080110027
1080110029
1080117028
1080122007
1080122015
1080122017
1080123031
1080125003
1080125008
1080125009
1080125010
1080125011
1080125012
1080125013
1080125015
1080125016
1080125019
1080125020
1080125021
1080125022
1080125023
1080125025
1080125026
1080125027
1080125028
1080129002
1080129005
1080129006
1080129007
1080129008
1080129009
1080129022
1080129023
1080129024
1080129026
1080129027
1080129029
1080130001
1080130002
1080130003
1080130004
1080130006
1080130007
1080130008
1080130009
1080130010
1080130013
1080130014
1080201001
1080201002
1080201003
1080201004
1080201005
1080201010
1080201011
1080201020
1080201021
1080201022
1080201023
1080201026
1080201028
1080201029
1080211010
1080213002
1080213003
1080213004
1080213005
1080213006
1080213008
1080213010
1080213011
1080213012
1080213013
1080213014
1080213015
1080213016
1080213018
1080213020
1080213021
1080213023
1080213024
1080213025
1080213026
1080213027
1080213028
1080213030
1080213031
1080213032
1080213033
1080220024
1080220027
1080220028
1080220030
1080220031
1080226012
1080226013
1080226015
1080226022
1080226024
1080227035
1080228002
1080228005
1080228006
1080228007
1080228008
1080228009
1080228010
1080228011
1080228012
1080228013
1080228014
1080228015
1080228016
1080228017
1080228018
1080228019
1080228030
1080304005
1080304006
1080304007
1080304013
1080304014
1080304018
1080304020
1080304021
1080304022
1080304023
1080304024
1080304025
1080304026
1080321006
1080321007
1080321008
1080321009
1080321010
1080321013
1080321015
1080321017
1080321018
1080321019
1080321020
1080321023
1080321024
1080321025
1080321026
1080321027
1080321028
1080321031
1080321032
1080325001
1080325008
1080325009
1080325010
1080325011
1080325012
1080325014
1080325018
1080403009
1080403011
1080404002
1080408001
1080408014
1080409003
1080409006
1080409009
1080409010
1080409012
1080409013
1080409014
1080409015
1080409016
1080409017
1080409022
1080409023
1080410025
1080415005
1080415006
1080415007
1080415008
1080415009
1080415010
1080415011
1080416028
1080416030
1080416033
1080422006
1080422007
1080422008
1080422011
1080422014
1080422015
1080422016
1080422021
1080422022
1080422023
1080423003
1080423007
1080423009
1080423010
1080424009
1080424010
1080424013
1080424014
1080424017
1080424018
1080425020
1080514010
1080514011
1080514012
1080514013
1080514014
1080514015
1080514017
1080514019
1080514020
1080514021
1080514022
1080514023
1080514024
1080514025
1080514027
1080514028
1080514029
1080514031
1080516002
1080516003
1080516004
1080516005
1080516008
1080516009
1080516010
1080516011
1080521020
1080521021
1080521031
1080523013
1080523014
1080523016
