-0.0499833361364019  -0.0499833957782809  -0.0499837413282864  0.400039961278761  4.00005454619836E-07  4.00007844309674E-07  4.00005662417819E-07  2.00006400204807E-07
-0.0499837361418565  -0.0499837944895031  -0.0499837426248947  0.400039564592806  4.00005454619836E-07  4.00007792359591E-07  4.00005714367348E-07  2.00006366869345E-07
-0.0499837374384635  -0.0499837957861252  -0.0499833426191803  0.400039364586439  4.00005506569311E-07  4.00007844309674E-07  4.00005714367348E-07  2.00006366869345E-07
-0.0499837374384635  -0.0499833957782809  -0.0499833426191803  0.400039564592806  4.00005506569311E-07  4.00007844309674E-07  4.00005714367348E-07  2.00006366869345E-07
-0.0499837374384635  -0.0499833957782809  -0.0499837426248947  0.400039564592806  4.00005506569311E-07  4.00007844309674E-07  4.00005714367348E-07  2.00006366869345E-07
-0.0499833361364019  -0.0499837957861252  -0.0499837426248947  0.400039564592806  4.00005454619836E-07  4.00007844309674E-07  4.00005714367348E-07  2.00006366869345E-07
-0.0499837374384635  -0.0499837970827477  -0.0499837426248947  0.40003956126596  4.00005506569311E-07  4.0000789625977E-07  4.00005714367348E-07  2.00006400204807E-07
-0.0499837374384635  -0.0499837970827477  -0.0499837426248947  0.400039564592806  4.00005506569311E-07  4.0000789625977E-07  4.00005714367348E-07  2.00006366869345E-07
-0.0499833361364019  -0.0499837957861252  -0.0499837426248947  0.400039564592806  4.00005454619836E-07  4.00007844309674E-07  4.00005714367348E-07  2.00006366869345E-07  
-0.0499837374384635  -0.0499833944817107  -0.0499837426248947  0.40003956126596  4.00005506569311E-07  4.00007792359591E-07  4.00005714367348E-07  2.00006400204807E-07  
-0.0499837361418565  -0.0499837957861252  -0.0499837426248947  0.40003956126596  4.00005454619836E-07  4.00007844309674E-07  4.00005714367348E-07  2.00006400204807E-07  
-0.0499837361418565  -0.0499833957782809  -0.0499837426248947  0.400039564592806  4.00005454619836E-07  4.00007844309674E-07  4.00005714367348E-07  2.00006366869345E-07  
-0.0499837374384635  -0.0499837970827477  -0.0499837426248947  0.40003956126596  4.00005506569311E-07  4.0000789625977E-07  4.00005714367348E-07  2.00006400204807E-07  
-0.0499837361418565  -0.0499837957861252  -0.0499837426248947  0.400039764599173  4.00005454619836E-07  4.00007844309674E-07  4.00005714367348E-07  2.00006366869345E-07  
-0.0499837374384635  -0.0499837957861252  -0.0499833426191803  0.40003956126596  4.00005506569311E-07  4.00007844309674E-07  4.00005714367348E-07  2.00006400204807E-07  
-0.0499837361418565  -0.0499837970827477  -0.0499837426248947  0.400039564592806  4.00005454619836E-07  4.0000789625977E-07  4.00005714367348E-07  2.00006366869345E-07  
-0.0499833361364019  -0.0499837957861252  -0.0499833426191803  0.400039564592806  4.00005454619836E-07  4.00007844309674E-07  4.00005714367348E-07  2.00006366869345E-07  
-0.0499837374384635  -0.0499837957861252  -0.0499833426191803  0.400039564592806  4.00005506569311E-07  4.00007844309674E-07  4.00005714367348E-07  2.00006366869345E-07  
-0.0499837361418565  -0.0499837957861252  -0.0499837426248947  0.400039564592806  4.00005454619836E-07  4.00007844309674E-07  4.00005714367348E-07  2.00006366869345E-07  
-0.0499837361418565  -0.0499833944817107  -0.0499837426248947  0.40003956126596  4.00005454619836E-07  4.00007792359591E-07  4.00005714367348E-07  2.00006400204807E-07  
-0.0499837361418565  -0.0499837957861252  -0.0499837426248947  0.400039764599173  4.00005454619836E-07  4.00007844309674E-07  4.00005714367348E-07  2.00006366869345E-07  
