1110309001  0.400043177209496  2.00006241574091e-07
1110309002  0.400043173768556  2.00006276059007e-07
1110309003  0.400043377215737  2.00006241574091e-07
1110309004  0.40004297376228  2.00006276059007e-07
1110309005  0.400043173768556  2.00006276059007e-07
1110309006  0.400043173768556  2.00006276059007e-07
1110309007  0.400042977203254  2.00006241574091e-07
1110309008  0.40004297376228  2.00006276059007e-07
1110309009  0.400042977203254  2.00006241574091e-07
1110309010  0.40004297376228  2.00006276059007e-07
1110309011  0.400042980644227  2.00006207089186e-07
1110309012  0.400042777197012  2.00006241574091e-07
1110309013  0.400042977203254  2.00006241574091e-07
1110309014  0.400042777197012  2.00006241574091e-07
1110309015  0.400042573749728  2.00006276059007e-07
1110309016  0.400042773756004  2.00006276059007e-07
1110309017  0.400042773756004  2.00006276059007e-07
1110309018  0.400042977203254  2.00006241574091e-07
1110309019  0.400042773756004  2.00006276059007e-07
1110309020  0.400042777197012  2.00006241574091e-07
1110309021  0.400042570308684  2.00006310543936e-07
1110309022  0.400042577190771  2.00006241574091e-07
1110309023  0.400042573749728  2.00006276059007e-07
1110309024  0.400042577190771  2.00006241574091e-07
1110309025  0.400042777197012  2.00006241574091e-07
1110309026  0.400042373743452  2.00006276059007e-07
1110309027  0.400042573749728  2.00006276059007e-07
1110309028  0.400042777197012  2.00006241574091e-07
1110309029  0.400042577190771  2.00006241574091e-07
1110309030  0.400042573749728  2.00006276059007e-07
1110309031  0.400042570308684  2.00006310543936e-07
1110309032  0.400042777197012  2.00006241574091e-07
1110309033  0.400042773756004  2.00006276059007e-07
1110309034  0.400042773756004  2.00006276059007e-07
1110310001  0.400042777197012  2.00006241574091e-07
1110310002  0.400042577190771  2.00006241574091e-07
1110310003  0.400042377184529  2.00006241574091e-07
1110310004  0.400042577190771  2.00006241574091e-07
1110310005  0.400042373743452  2.00006276059007e-07
1110310006  0.400042173737176  2.00006276059007e-07
1110310007  0.400042373743452  2.00006276059007e-07
1110310008  0.400041970289752  2.00006310543936e-07
1110310009  0.400042177178288  2.00006241574091e-07
1110310010  0.400041977172046  2.00006241574091e-07
1110310011  0.400041773724624  2.00006276059007e-07
1110310012  0.400041773724624  2.00006276059007e-07
1110310013  0.400041573718348  2.00006276059007e-07
1110310014  0.400041377153321  2.00006241574091e-07
1110310015  0.400041577159563  2.00006241574091e-07
1110310016  0.400041577159563  2.00006241574091e-07
1110310017  0.40004138059457  2.00006207089186e-07
1110310018  0.400041373712072  2.00006276059007e-07
1110310019  0.400041573718348  2.00006276059007e-07
1110310020  0.400041777165805  2.00006241574091e-07
1110310021  0.400041773724624  2.00006276059007e-07
1110310022  0.400041573718348  2.00006276059007e-07
1110310023  0.40004137027082  2.00006310543936e-07
1110316001  0.416043076516698  2.00006241574091e-07
1110316002  0.400042977203254  2.00006241574091e-07
1110316003  0.400042380625605  2.00006207089186e-07
1110316004  0.400042377184529  2.00006241574091e-07
1110316005  0.400042177178288  2.00006241574091e-07
1110316006  0.400041980613191  2.00006207089186e-07
1110316007  0.4000419737309  2.00006276059007e-07
1110316008  0.400042180619398  2.00006207089186e-07
1110316009  0.400042177178288  2.00006241574091e-07
1110316010  0.4000419737309  2.00006276059007e-07
1110316011  0.400041977172046  2.00006241574091e-07
1110316012  0.400041777165805  2.00006241574091e-07
1110316013  0.400041577159563  2.00006241574091e-07
1110316014  0.400041773724624  2.00006276059007e-07
1110316015  0.400041777165805  2.00006241574091e-07
1110316016  0.400041777165805  2.00006241574091e-07
1110316017  0.400041773724624  2.00006276059007e-07
1110316018  0.400041573718348  2.00006276059007e-07
1110316019  0.400041773724624  2.00006276059007e-07
1110316020  0.400041580600777  2.00006207089186e-07
1110316021  0.400041777165805  2.00006241574091e-07
1110316022  0.400041577159563  2.00006241574091e-07
1110316023  0.400041377153321  2.00006241574091e-07
1110316024  0.400041377153321  2.00006241574091e-07
1110316025  0.400041377153321  2.00006241574091e-07
1110316026  0.400041580600777  2.00006207089186e-07
1110316027  0.400041580600777  2.00006207089186e-07
1110316028  0.400041377153321  2.00006241574091e-07
1110316029  0.400041377153321  2.00006241574091e-07
1110316030  0.400041377153321  2.00006241574091e-07
1110316031  0.40004138059457  2.00006207089186e-07
1110316032  0.40004138059457  2.00006207089186e-07
1110316033  0.400041377153321  2.00006241574091e-07
1110317001  0.400042373743452  2.00006276059007e-07
1110317002  0.400042173737176  2.00006276059007e-07
1110317003  0.400042377184529  2.00006241574091e-07
1110317004  0.400042373743452  2.00006276059007e-07
1110317005  0.400042377184529  2.00006241574091e-07
1110317006  0.400042373743452  2.00006276059007e-07
1110317007  0.400042370302373  2.00006310543936e-07
1110317008  0.400042373743452  2.00006276059007e-07
1110317009  0.400042373743452  2.00006276059007e-07
1110317010  0.400042373743452  2.00006276059007e-07
1110317011  0.400042373743452  2.00006276059007e-07
1110317012  0.400042173737176  2.00006276059007e-07
1110317013  0.400042373743452  2.00006276059007e-07
1110317014  0.400042170296063  2.00006310543936e-07
1110317015  0.400042173737176  2.00006276059007e-07
1110317016  0.400042373743452  2.00006276059007e-07
1110317017  0.400042173737176  2.00006276059007e-07
1110317018  0.400042177178288  2.00006241574091e-07
1110317019  0.400042173737176  2.00006276059007e-07
1110317020  0.4000419737309  2.00006276059007e-07
1110317021  0.400041977172046  2.00006241574091e-07
1110317022  0.400041977172046  2.00006241574091e-07
1110317023  0.4000419737309  2.00006276059007e-07
1110317024  0.4000419737309  2.00006276059007e-07
1110317025  0.4000419737309  2.00006276059007e-07
1110317026  0.400041977172046  2.00006241574091e-07
1110317027  0.400041977172046  2.00006241574091e-07
1110317028  0.4000419737309  2.00006276059007e-07
1110317029  0.400041977172046  2.00006241574091e-07
1110317030  0.4000419737309  2.00006276059007e-07
1110317031  0.400042173737176  2.00006276059007e-07
1110317032  0.4000419737309  2.00006276059007e-07
1110317033  0.400042177178288  2.00006241574091e-07
1110317034  0.400041970289752  2.00006310543936e-07
1110317035  0.400041970289752  2.00006310543936e-07
1110317036  0.400041970289752  2.00006310543936e-07
1110323001  0.400042177178288  2.00006241574091e-07
1110323002  0.400042180619398  2.00006207089186e-07
1110323003  0.400042180619398  2.00006207089186e-07
1110323004  0.4000419737309  2.00006276059007e-07
1110323005  0.400042180619398  2.00006207089186e-07
1110323006  0.400041777165805  2.00006241574091e-07
1110323007  0.400041977172046  2.00006241574091e-07
1110323008  0.4000419737309  2.00006276059007e-07
1110323009  0.400042177178288  2.00006241574091e-07
1110323010  0.400041777165805  2.00006241574091e-07
1110323011  0.400041777165805  2.00006241574091e-07
1110323012  0.400041773724624  2.00006276059007e-07
1110323013  0.400041577159563  2.00006241574091e-07
1110323014  0.400041777165805  2.00006241574091e-07
1110323015  0.400041577159563  2.00006241574091e-07
1110323016  0.400041577159563  2.00006241574091e-07
1110323017  0.400041577159563  2.00006241574091e-07
1110323018  0.40004138059457  2.00006207089186e-07
1110323019  0.40004138059457  2.00006207089186e-07
1110323020  0.400041180588363  2.00006207089186e-07
1110323021  0.400040977140838  2.00006241574091e-07
1110323022  0.400041180588363  2.00006207089186e-07
1110323023  0.400040977140838  2.00006241574091e-07
1110323024  0.400040977140838  2.00006241574091e-07
1110323025  0.400040977140838  2.00006241574091e-07
1110323026  0.400040977140838  2.00006241574091e-07
1110323027  0.400040977140838  2.00006241574091e-07
1110323028  0.400040777134597  2.00006241574091e-07
1110323029  0.400040977140838  2.00006241574091e-07
1110323030  0.40004117714708  2.00006241574091e-07
1110323031  0.40004117714708  2.00006241574091e-07
1110323032  0.400041173705796  2.00006276059007e-07
1110329001  0.40004278063802  2.00006207089186e-07
1110329002  0.400042777197012  2.00006241574091e-07
1110329003  0.400042580631813  2.00006207089186e-07
1110329004  0.400042177178288  2.00006241574091e-07
1110329005  0.400042377184529  2.00006241574091e-07
1110329006  0.400042380625605  2.00006207089186e-07
1110329007  0.400042377184529  2.00006241574091e-07
1110329008  0.400042377184529  2.00006241574091e-07
1110329009  0.400042177178288  2.00006241574091e-07
1110329010  0.400042173737176  2.00006276059007e-07
1110329011  0.400042377184529  2.00006241574091e-07
1110329012  0.400042180619398  2.00006207089186e-07
1110329013  0.400042177178288  2.00006241574091e-07
1110329014  0.500045180712505  2.00006207089186e-07
1110329015  0.500045177271911  2.0000624157409e-07
1110329016  0.500045177271911  2.0000624157409e-07
1110329017  0.50004497726567  2.0000624157409e-07
1110329018  0.500044973825041  2.00006276059007e-07
1110329019  0.50004497726567  2.0000624157409e-07
1110329020  0.500044773818765  2.00006276059007e-07
1110329021  0.500044577253187  2.0000624157409e-07
1110329022  0.500044777259428  2.0000624157409e-07
1110329023  0.500044580693884  2.00006207089186e-07
1110329024  0.500044584134579  2.00006172604292e-07
1110329025  0.500044577253187  2.0000624157409e-07
1110329026  0.500044373806213  2.00006276059007e-07
1110329027  0.500044377246945  2.0000624157409e-07
1110329028  0.40004138059457  2.00006207089186e-07
1110329029  0.400041377153321  2.00006241574091e-07
1110329030  0.400041180588363  2.00006207089186e-07
1110329031  0.400040977140838  2.00006241574091e-07
1110329032  0.400040977140838  2.00006241574091e-07
1110329033  0.400040977140838  2.00006241574091e-07
1110329034  0.40004117714708  2.00006241574091e-07
1110329035  0.400041180588363  2.00006207089186e-07
1110329036  0.40004138059457  2.00006207089186e-07
1110329037  0.400041377153321  2.00006241574091e-07
1110329038  0.40004138059457  2.00006207089186e-07
