1110329015  0.500045177271911  2.0000624157409e-07
1110329016  0.500045177271911  2.0000624157409e-07
1110329017  0.50004497726567  2.0000624157409e-07
1110329018  0.500044973825041  2.00006276059007e-07
1110329019  0.50004497726567  2.0000624157409e-07
1110329020  0.500044773818765  2.00006276059007e-07
1110329021  0.500044577253187  2.0000624157409e-07
1110329022  0.500044777259428  2.0000624157409e-07
1110329023  0.500044580693884  2.00006207089186e-07
1110329024  0.500044584134579  2.00006172604292e-07
1110329025  0.500044577253187  2.0000624157409e-07
1110329026  0.500044373806213  2.00006276059007e-07
1110329027  0.500044377246945  2.0000624157409e-07
1110329028  0.40004138059457  2.00006207089186e-07
1110329029  0.400041377153321  2.00006241574091e-07
1110329030  0.400041180588363  2.00006207089186e-07
1110329031  0.400040977140838  2.00006241574091e-07
1110329032  0.400040977140838  2.00006241574091e-07
1110329033  0.400040977140838  2.00006241574091e-07
1110329034  0.40004117714708  2.00006241574091e-07
1110329035  0.400041180588363  2.00006207089186e-07
1110329036  0.40004138059457  2.00006207089186e-07
1110329037  0.400041377153321  2.00006241574091e-07
1110329038  0.40004138059457  2.00006207089186e-07
